clear_de
63297.60405588655
57014.560852439354
51213.12012326142
48682.04040171462
46710.35378186567
45206.934307325166
44346.354049677815
42703.42831487195
41816.27627257367
41256.93770406397
40640.74830352221
39994.561616356965
39382.744489059776
38746.953876839034
38636.122945659205
37743.78854463771
37699.31645122388
37086.721170335266
36743.10551892895
36401.580754191986
36288.053067738016
35836.02816448683
35571.26604362303
35173.11918416598
35007.96563070614
34979.88223811192
34747.0372337871
34340.59885162364
34001.91444090448
33757.87548349596
33559.10538661624
33319.5535366831
32971.316740707385
32935.379918607505
32481.050714692472
32335.447599701605
31858.648696153406
31856.951501158786
31856.951501158786
31624.352934911145
31617.116289862293
31617.116289862293
31087.12154015021
30981.434423772902
30239.493299428425
30045.4960809662
30007.84717651746
29865.321539270743
29812.75136277299
29812.75136277299
29575.368635688526
29575.368635688526
29403.037609799412
29317.00066426358
29021.17315345384
28957.97294104532
28957.97294104532
28906.59129681217
28892.273928083203
28842.012301411894
28632.736805331093
28632.736805331093
28632.736805331093
28632.736805331093
28499.75908049431
28370.935515490895
28370.935515490895
28338.21391404671
28111.982791246293
27912.937776207975
27585.851991815656
27531.529354729202
27441.810776268878
27441.810776268878
27289.391867695074
27226.453900539767
26979.20856678589
26913.333077159663
26803.748816320025
26642.106792398747
26590.013997810143
26397.477600782593
26397.477600782593
26208.941239340686
26177.046566500896
26165.320907333862
26018.084664712987
25958.225897719552
25919.084482224403
25919.084482224403
25919.084482224403
25835.050454216896
25835.050454216896
25835.050454216896
25762.40235975239
25732.974009369616
25593.678251044275
25573.828629185413
25573.828629185413
25573.828629185413
conv
7856.535333394074
mins
10499.523470948838
maxs
48590.44142579939

qlearning_de
65221.09289547515
51677.31643173218
46002.87967013035
41521.84002618694
39087.45282278257
37239.09761113918
35573.06453738201
34729.1628311025
33802.9687259756
32654.399495768666
31609.438470668345
31218.935244073105
30521.846853630712
29327.085730476178
29133.442103084693
28973.067491818896
28583.924285493056
28042.710833386096
27531.012437802656
27047.235721930745
26711.45314251172
26299.748904983906
26078.838374391245
25947.950138500004
25554.12998676086
25034.62635708978
24679.859093802785
24467.52409246358
24252.907135589758
24131.334066960895
23998.718797960024
23904.377280931534
23589.118535134778
23377.24075973835
23226.42235041805
23002.065151855448
22734.60679922812
22600.49676764064
22514.40348572036
22214.15005737174
21982.543470007586
21796.84555247603
21568.691543503595
21517.54041855126
21491.118812982248
21379.175614284002
21246.121744053286
21234.246567283393
20990.503278739474
20947.559254201948
20903.455005349264
20762.32042559235
20726.467363897424
20468.30270530032
20468.30270530032
20214.93969557124
19948.127186793095
19937.796407249152
19934.3896925774
19814.722135444852
19784.77455280197
19772.615716546636
19757.567367522184
19619.458154848122
19575.17090532478
19259.850790363034
18988.855042599895
18778.56822688973
18764.539524238076
18703.76190106882
18651.003257414275
18611.685375735142
18548.719859662135
18470.912530580372
18390.053498451874
18352.65757570753
18229.49647081824
18136.995414011446
18076.735783992193
17963.757099468992
17689.775859489586
17646.210639277942
17544.76534181674
17517.991505544345
17510.14918261411
17508.086129051502
17452.16854888091
17440.032749354494
17367.140898233432
17300.039240606733
17250.80771383892
17224.885770038687
17181.96688865277
17099.833849950683
17070.863883554775
16985.38327206699
16802.012657361873
16691.55291119883
16690.262464283474
16578.344763410798
conv
13519.310902823981
mins
798.5722596271461
maxs
77419.73951160404

clear_de
77379.17741550606
56148.68963421953
50923.05185470401
47975.227563189845
46761.28477008527
45475.473082720135
43521.21646634522
42018.50697624248
41308.82404525282
40021.79648885052
39234.437086069884
38753.9133326675
38233.05051701874
37765.27714973487
37029.99345220849
36737.17079894435
36548.34364094855
36205.358023824374
36004.64679637632
35650.6674047607
35335.68739330601
35332.87024988656
35034.14961379266
34840.78105256301
34477.23262981649
34173.65837366141
33974.30816240017
33707.536954299656
33556.381191253226
33417.136795990045
32826.95914466949
32441.540754591264
32208.533306512767
32033.4292658679
31755.390245385297
31544.533831579764
31143.646384305575
30380.003754556496
30232.894958328885
30049.765338482
29928.31712121326
29928.31712121326
29851.109094496387
29731.428605376117
29731.428605376117
29610.620925844265
29542.394953044695
29542.394953044695
29379.566380896656
29309.699566703574
29260.3602270929
29260.3602270929
29130.761012028135
29089.225754816434
29082.989615198854
28837.13533151231
28740.47460982222
28736.39115837266
28736.39115837266
28291.540944392247
28291.408146516387
28291.408146516387
27988.377624612167
27860.86216802443
27446.225534745805
27446.225534745805
27396.923882813615
27237.85773957877
27183.25835568312
27171.733297918436
27171.733297918436
27099.159671848585
26967.75916573438
26906.68260158627
26772.530965150465
26772.530965150465
26766.15685380794
26543.48109907999
26526.50438172887
26287.745731594096
26250.736275571817
26041.04088265339
25771.50760635959
25747.348341150937
25546.695197639532
25546.695197639532
25530.335939371886
25530.335939371886
25430.022694238938
25386.090801720813
25136.89203610088
25131.797388535728
25014.089178222708
24936.776221351865
24763.566302460822
24763.566302460822
24689.249133699395
24633.563582013678
24551.759662009543
24452.256575142528
conv
8874.613719014626
mins
8213.915678071808
maxs
61418.67357276738

qlearning_de
51398.24716622545
42192.58327564047
35896.374100194975
31595.490432882096
27740.609857366268
25191.95854267625
22373.41819669177
20260.480443390737
18911.559048395222
17599.8148796297
16121.852243015606
15450.794961272966
14740.485563126578
14268.220939526393
13804.662046465734
13280.188593245926
12952.319741389456
12688.530876815807
12281.40790954926
11912.061306335798
11419.3161252714
11199.877363156987
10830.702284075842
10585.301445612924
10308.755466441124
10077.185193404868
9798.62084436293
9438.130738401822
9226.288215246019
8970.39410060466
8811.158838189302
8618.090946630493
8311.266331700244
8153.099987962823
7895.300081687789
7726.2774174797205
7534.160804392362
7316.7457206060935
7176.612108314425
7027.272136014712
6856.660212101906
6690.515617460914
6566.23163553917
6442.967753904618
6334.934445594181
6233.538996772449
6092.296685786343
6002.070727420902
5903.966824660615
5811.731924624465
5690.936354254988
5577.811848113177
5444.77696946459
5321.550595298284
5112.819108298211
4917.72191873355
4862.470808916785
4784.369997679332
4643.480468836535
4565.555404094491
4498.937476642348
4418.751949883134
4338.437860517432
4174.123684287817
4067.8028838295368
3895.2553977793737
3833.69947836018
3664.5508185037056
3581.6012182657555
3438.4636559121705
3373.2545288171477
3281.6578042311016
3186.955643311933
3144.299097567223
3083.19567008826
3033.3107774814202
2921.8891505872266
2696.328656274298
2642.6566444463137
2580.737742116109
2519.354956460293
2469.140170599744
2411.1788063614736
2383.087537801864
2352.0795069848414
2318.9538754649784
2246.2949220335145
2204.776986956654
2175.0120245668936
2147.437942766634
2098.066083446234
2063.7456657378307
2033.841425697177
2010.420681367679
1990.469065267856
1967.2739379276268
1944.6480668856007
1875.9182584346904
1862.2848387723695
1820.1855852909994
conv
3203.785928420648
mins
304.07602251596006
maxs
16451.546868267196

clear_de
56748.41060791241
49988.57656605535
46636.48054703949
44932.84103282791
41716.8258868495
39960.704691669045
39361.112040496664
38672.260451895476
38194.26499564867
37528.006753826616
36505.95369713987
35946.80863401271
35580.862119418525
35063.14324856104
34652.00808466514
33624.77730485787
33306.988313130845
33180.22097497439
32866.94710954604
32603.709895244017
32371.023258153535
31969.945612118066
31969.945612118066
31749.88770593265
31471.319109366257
31407.135891247643
31233.383822598633
31195.98751517673
30786.843995305
30678.329089321043
30141.112777392467
30003.47411001044
30003.47411001044
29833.093033742964
29729.47911330161
29724.644881800246
29580.762060468605
29580.762060468605
29552.480602807176
29297.68583268978
29114.378096562017
28992.56000811445
28771.19358294999
28736.479595434037
28479.58256412027
28371.556912749063
28361.454488673415
28313.51796079349
28089.928680363606
27532.62145607044
27302.96122688333
27287.90653864329
27287.90653864329
27022.053427091403
26993.05299645858
26960.0570750986
26960.0570750986
26729.447065722426
26584.90219934912
26432.128813168434
26394.876134888615
26338.437706976263
26325.552297486836
26270.42969712312
26235.71340973541
26140.138627579392
25936.94604809178
25872.63688147035
25833.609687369804
25763.10945646501
25734.27098238623
25495.360728786858
25294.536240811987
25231.84247396856
25158.044570722046
25158.044570722046
25124.178187252008
24838.808930635583
24838.808930635583
24734.221434894433
24734.221434894433
24510.35940661063
24490.554177170507
24239.515703163455
24162.54286818269
23866.33294293683
23866.33294293683
23573.799904625947
23573.799904625947
23462.212648878194
23462.212648878194
23462.212648878194
23462.212648878194
23341.049251755278
23208.784338094396
23153.80486657898
23136.870788287393
23071.74448595238
23027.981656289143
22890.407300557163
conv
7716.959521247713
mins
6661.255239229865
maxs
47873.76981841668

qlearning_de
59274.21651769517
49847.02043876877
44184.19064064722
42197.53432218079
38988.83759984914
37506.311379636325
36220.165683535975
34248.458960103344
32911.278761229565
32202.42499932869
31420.843178009545
30561.34080785227
30145.36301372048
29421.926378065917
28795.163259405475
28573.44189252437
28015.852580950163
27665.386131916133
27610.151932799738
27343.465665312073
26829.085655156385
26645.118386012302
26283.686518319053
26028.953511813135
25806.288818002526
25440.857095311723
24962.055945034615
24323.75865630126
23821.947995132516
23727.45875682973
23533.458416012745
23435.459181385195
22940.61523480239
22529.2822429883
22286.19822076673
22190.78386331499
21495.147779318922
21182.443107561125
21002.798211940233
20809.86812518591
20660.93240825935
20388.85500178917
20295.25375420776
20116.65150282682
19911.421112257183
19837.867907700267
19808.151912427187
19741.099116802932
19671.39170209842
19662.504456166782
19355.719143086524
18944.203342090663
18855.423314848165
18615.455829308325
18595.75505182253
18536.454650592565
18249.824040012492
18247.239136859545
18238.105996332248
18053.39444627481
18005.39704833686
17967.446049577688
17961.752018102557
17917.027210096425
17836.765408333868
17807.993038505534
17247.06176748577
17159.564916342275
16830.383180566154
16722.997054685096
16722.691955999486
16698.79670820137
16688.003964295684
16687.145401269434
16676.432365889144
16661.163827406563
16653.25652232717
16622.848238817664
16513.879448325242
16409.76600254279
16022.455341331666
15969.141950903826
15910.890205885577
15904.2646478752
15895.343756740289
15894.698860734843
15826.101110994303
15800.019928064065
15712.436129016167
15638.765272083474
15636.865612144624
15636.286282499097
15631.24501215081
15579.298702276428
15569.273592031543
15567.698821191794
15566.468863208285
15533.1215477546
15522.625542006204
15454.094227305573
conv
10439.632876725344
mins
443.59292447427856
maxs
49418.77939871541

clear_de
71078.78999581593
56117.09186232987
51689.66687253267
48811.45238460042
46367.75299275644
45042.78117976623
43995.24100468784
42550.75137599667
41661.39745095404
40076.816777673645
39452.37415543878
38748.7341583279
38110.61057565288
37638.607126107374
37501.921407339134
36914.37427970823
36492.42661599277
36229.56699521328
35729.743919614695
35272.23748620383
35164.09416906511
34537.21791617475
34146.753208547416
34002.12808953968
33216.967943109485
32817.66027100911
32523.70038207907
32438.388403955774
32283.278561899915
32198.324396272117
32075.78942579219
31851.219093241318
31273.41073503946
31256.235209769813
31069.767822390673
30943.42818574453
30696.07406332721
30696.07406332721
30591.91963099043
30591.91963099043
30299.849043067145
30218.662913475404
29970.23319124465
29944.4691401809
29944.4691401809
29570.12920901376
29434.69369706002
29236.463799753827
29049.97961888709
29049.97961888709
29049.97961888709
28827.708539542495
28744.426064906515
28478.772027262858
28419.814976956375
28180.64617108798
28180.64617108798
28180.64617108798
28124.23028987949
27779.398520108472
27633.817387116076
27554.991362444976
27363.876671213988
27238.988590342862
26836.430998543306
26616.61266098534
26616.61266098534
26605.14382270187
26573.184858286066
26470.789104323983
26470.789104323983
26286.524795493737
26114.42920208846
26003.50328298512
25998.592552552287
25614.00843171251
25560.70335761493
25312.771130310233
25178.232360629663
25058.3983413929
24934.376897171493
24934.376897171493
24682.539631324642
24549.33378828589
24490.51062318796
24231.233369034686
24012.033692604127
23904.868351950106
23888.037756504407
23789.09085451467
23702.137681398523
23658.738285585987
23643.988989037927
23643.988989037927
23606.776617399577
23563.609094961277
23563.609094961277
23546.252245247317
23373.548573710956
23333.97672598714
conv
7995.945340531106
mins
2888.254778843705
maxs
54119.5291346052

qlearning_de
64781.27174049539
48589.83050357285
42393.043122540796
38802.974058129446
35328.78990502744
32800.37783703947
30099.021166623337
27728.604460780178
26089.117345580777
23850.95299679677
22727.163800189042
21325.77224581222
20151.80478084324
19426.328418109206
18536.71250151661
17981.062835859062
17478.17876908663
16735.722486654806
16415.840301926197
15990.132099013157
15731.816804938137
15316.862296644373
14839.37336005021
14426.267656763988
14197.35698939396
14035.546784257902
13850.616525484293
13482.512512781526
13287.20258479835
13203.459114652593
13072.842863685375
12914.379842356726
12895.454087023023
12817.589738220933
12763.362733787842
12648.051946853036
12370.00590647847
12278.873406723149
12101.058098287287
11954.078157230912
11871.72786498958
11623.204144144296
11538.100562933465
11481.194043514699
11399.587844591262
11345.976000821816
11319.952852283765
11297.533381868405
11216.763059760351
11136.782944696673
11044.128295968276
11013.380926974434
10902.76504263942
10823.676479438996
10543.333950906293
10543.333950906293
10541.535479885104
10419.15642812215
10399.203970099003
10275.510798129546
10238.56592013347
10198.436526611622
10183.91234240727
10110.31860250903
10110.211136375705
10043.330606353495
10043.330606353495
9997.631839756468
9988.379771994863
9902.1603442937
9888.426873708504
9858.915858598886
9813.970388227644
9747.076348626852
9730.71835343066
9724.036827631708
9717.446378305058
9639.28820652282
9537.24868015407
9534.04371137679
9445.851466258693
9422.59307138254
9422.59307138254
9370.935120445414
9370.935120445414
9305.692606491632
9184.065717568827
9152.462462143245
9152.462462143245
9146.91527811361
9078.717312378096
9078.717312378096
9050.177693704527
9017.058445573637
9000.202929667985
8997.018882227874
8919.85709476863
8901.807576523199
8889.9379758057
8856.724738951696
conv
5287.066213806633
mins
1581.7829632367736
maxs
30428.789033127596

clear_de
921.54439072227
917.2070984029514
913.3527015405386
910.4676580384978
907.0053316528935
901.8757593880506
897.8533520295533
895.9320149663869
894.2306377963968
892.2241702634883
889.8710292197742
887.9031476802063
884.384901590127
881.9235964077961
880.7769633917476
879.7558002949104
878.5150201289093
877.3913523786537
876.2772797208785
875.0547673573703
873.7757869434189
873.075697513243
871.0761797290539
869.5084259047371
868.229656114557
867.5677273694303
866.3319029414824
864.8024636666698
863.8920167163327
863.021574696135
862.1521693781689
861.2286988440029
860.7493027842046
860.4658507426882
859.6335001884077
859.0665446057703
858.342366272025
857.4625813969303
856.9585734741833
856.4289869268936
856.1166049676759
855.9591599395134
855.3503792721018
855.0612894152999
854.596370956437
854.063359925763
853.6953915681478
853.476156224488
853.2500764034879
852.794229953735
852.4560192233797
852.0220330589874
851.2717135032857
851.0851867242122
850.8190658286921
850.4459277244086
850.4427239903749
849.9436587871752
849.7749685764761
849.7435118841018
849.0933325978444
848.6749417508456
848.3722254774307
848.3682615142176
848.120439613444
848.03922616232
847.8187426002186
847.3529497827303
846.9821334703873
846.8574009627964
846.8165563417672
846.6770336562948
846.559606770696
846.3920290430743
845.8436569784848
845.5982432235564
845.5222238628611
845.4476079541236
845.1620984813183
845.02407292561
844.7927044229313
844.7247116068575
844.7040040514834
844.4010356587443
844.2494178973556
844.146994017376
843.7339698429043
843.6753563570658
843.4803268292073
843.3614679939748
843.2352033321403
843.1341375893594
842.8577073628378
842.7497566096913
842.3755210057957
842.2021114779674
842.1735886136843
842.1075709714646
841.9465799130533
841.8884328622537
conv
6.148367007523343
mins
819.8509663184959
maxs
854.218802973602

qlearning_de
918.9893404375954
911.1577420647285
905.2066645589948
899.9647729539081
894.9916656074934
891.6516651389542
888.5179238996042
886.2801767172928
882.6854614063902
879.7888576428152
877.5372024005446
875.9598998491961
874.3754500718456
872.6531147118378
869.9786305848803
866.6937365454519
864.5969880381705
862.5582584460223
861.6825485112767
859.1840297540299
858.071087199057
856.8068201241887
855.670386292835
853.9314350338317
852.4294778401584
850.7696492434146
849.6643840276497
848.2660828655997
847.4268103010585
846.0435002167512
844.9449644526452
843.959332692676
843.0735223754065
842.1057986874193
841.4900923908734
840.7120982202479
839.1382641254925
838.5024334690704
838.1073999750068
837.4227084951133
837.0276472467788
836.6276760783184
835.9713677178546
835.5127234154993
835.0467361835306
834.5700832702511
834.0287534738217
833.7038169586116
832.7294177535614
832.3846865489099
831.7285755072861
831.489868030755
831.3554661810418
831.1200728067128
830.9108362925341
830.7700546381644
830.4050330258258
830.2855978367257
829.9686144359209
829.8606573567777
829.7742929056038
829.6603268476472
829.4458210363388
828.9760893410017
828.607079811542
828.3833460868195
828.2017343116386
828.153544204743
827.9710018941913
827.9092608175401
827.7753070972074
827.6959497009459
827.5422748094657
827.3624222406823
827.2553856175873
826.6651011827431
826.3461321564874
826.0981301838698
825.9939037503801
825.8921397152199
825.8611259659344
825.7347575550613
825.6825006346164
825.6121962803788
825.2952525906321
825.2261847284512
825.1734558694917
825.143912799032
825.1087604485782
825.0010303096991
824.8408996234938
824.5941140794203
824.5861284694712
824.5361823121341
824.486359465424
824.2631042736665
823.8300959706523
823.7207644933578
823.7128632018229
823.6338591314084
conv
18.842392788575058
mins
802.9940671160418
maxs
875.7090463567969

clear_de
923.2635906174042
918.2048618810513
912.1132375770114
907.2652109147489
903.6761763085268
900.6462346151227
898.4030324457661
895.2567794934971
893.2658470583393
889.805874195949
886.555924046414
885.112185122416
883.3453942868852
881.890680706694
880.908344225079
879.2762234519091
876.9366159613379
875.8209780149597
874.5704899622359
873.5210270345726
871.5840856445553
870.8367052822446
869.6358324042199
868.5151150550279
867.6364858008362
866.9368291581457
866.649534240039
865.5866174786933
864.8899183557692
864.3855884309035
862.7761745566787
862.2498833542944
861.597798246131
861.2735909261011
860.567365300296
859.5153382525983
858.926107502753
858.749188996092
858.3432339958194
858.0133125854145
857.7300095042438
857.2472368185023
857.041535150041
856.554350090025
855.8714411425726
855.3756159708028
854.8447491763702
853.3714472422566
853.1361904963431
852.5993009440563
852.3906930161719
852.2259807516923
851.8469232810708
851.5632290891085
851.1352567904987
851.0237297270984
850.7522110386517
850.3758920961722
849.9032887613077
849.3425046693899
848.6988508152697
848.453760847574
848.4011940469827
847.7426698093842
847.2431593348446
846.9920136414563
846.8947307549861
846.5260536000355
846.2147959837171
846.1197895388312
845.8607614125649
845.7891213606084
845.4647241798247
845.3247470768667
844.9897341662095
844.7710496526798
844.5671900023668
844.3691115414773
844.0909573426505
844.0097342419607
843.8257213718514
843.7465345635716
843.6960933766674
843.526181426751
843.456124508346
843.3665687913764
843.1071694445126
842.6678994812959
842.4768531844664
842.3953080997348
842.2117781277317
841.9930528031349
841.7500301773985
841.6089734289262
841.4925065516504
841.3391432254843
841.2831247656918
841.2337709620666
841.1178672341164
841.084479254483
conv
5.726460148284952
mins
825.3945926449637
maxs
854.7258907490678

qlearning_de
909.5345839269107
896.7303455892047
888.553792608258
879.6332410232776
871.8384693609879
866.5421173058232
862.5997910324021
856.8044123668141
853.0750069453773
849.0661245738099
846.3479613087756
843.1000103451464
839.3837777180177
837.0300340727158
834.3859129311379
832.041278026707
830.3493562829902
828.7807404261763
827.4316914394208
825.9138242080804
824.8075837421369
823.755151967833
823.0417064827716
822.2493986621488
821.7791429305264
821.0347461891475
820.5500514029452
820.199521900321
819.8891386814518
819.6622471032955
819.4603842739498
819.322834846686
819.2069096408762
819.0932601759686
818.9689106209032
818.8876720498841
818.781747828047
818.7420420134122
818.689729048305
818.6222580999907
818.5908783017875
818.5576749220854
818.5204857172845
818.4876493983855
818.4470930902197
818.434143494186
818.4186278403633
818.4037697012079
818.3966012775267
818.3874722659739
818.3842545994277
818.3820629929733
818.3803704990127
818.3786979732014
818.3775710475908
818.3757398867434
818.3747402296826
818.373641582643
818.3664478433627
818.3605637515234
818.3600945455639
818.3561540146413
818.3525900152418
818.351695620983
818.3493775075625
818.3481156143721
818.3460165737957
818.3432360343248
818.3410896460274
818.3402780059355
818.33960635816
818.3387650578923
818.3385241129208
818.3382919752962
818.3381543315392
818.3379362361198
818.3378285787294
818.3377670271523
818.337697427841
818.3375788901202
818.3375281329942
818.3373909108407
818.3373346852597
818.3372615693204
818.3372232001414
818.3371813721253
818.3371470313675
818.3371124787399
818.3370870355648
818.3370612454337
818.3370459326645
818.3370334316288
818.3370161011918
818.3369914024912
818.3369835325077
818.3369752372514
818.3369685857731
818.3369625359081
818.3369567489651
818.3369524379791
conv
7.895987192305478
mins
804.0386533945314
maxs
838.8139419594135

clear_de
923.7629613262376
918.8923036137555
913.1197739541828
908.5628366049762
904.9804864231431
900.8672631586919
897.0842323953399
896.0058528737567
894.2724146290266
891.4513634653237
887.7998987017215
885.108901446033
883.4429467845578
881.5592270405137
880.51731879828
878.6451457064395
877.2188505758237
875.440124927078
874.230779195116
873.1042127558867
872.2425161686057
871.6804317947349
870.5806096344724
869.3243824110098
867.8960822398618
867.2825493770351
866.0712630492005
865.7653899985296
864.9671579152183
863.6607741726173
863.0585801910996
862.7166455587222
862.2947302579887
861.6677703880168
860.9655068254573
859.9926513232655
859.7196422969843
859.2201748667221
858.5999513485539
858.0622700270994
857.4383784662778
856.4011622698454
856.2536728884562
855.1779132143608
855.0000833322773
854.3311436281863
853.8631204763848
853.7116559980102
853.0292768952204
852.6441904417559
852.3582862040402
851.9931655738723
851.5178757091526
851.1687407832987
850.8943759982063
850.3890399169219
850.0088370435898
849.7281636111912
849.578107763814
849.3614262389128
848.737081966522
848.5005390743103
848.3237486430612
848.0757660990095
847.7050455971485
847.2728427296148
846.9025932985027
846.8027218084476
846.3834949896951
845.9865404452962
845.6746076056506
845.6746076056506
845.5679815052888
845.2539888744545
844.9700532666965
844.6954037236738
844.614423326899
844.5650449439869
844.4105985798706
844.1942334757596
843.8660177014118
843.6189604502968
843.4127010222027
843.2484303427528
843.0806855393802
842.8540317991049
842.8411524181959
842.5905392919834
842.3954802587991
842.1436059707044
841.9468492570079
841.8749279019081
841.7943821221849
841.6466558240995
841.5778352451676
841.2020249650212
841.1813813981369
840.8790674349179
840.8061948788682
840.7100813138834
conv
5.986205510823382
mins
823.5815262451924
maxs
852.5128397503652

qlearning_de
918.3854123312882
911.0237216492391
904.043946960796
898.0489227581793
895.2732179804972
890.7532483521396
886.8311228141793
883.5332210111316
881.0715979471976
877.2283579703026
873.950280925638
870.8946850745083
868.3407737936514
866.4970484669024
863.5908224504408
861.6043000356606
858.3295657473417
856.0602838914174
854.2228788916894
852.1383012347136
849.9395898557487
848.1882224862148
846.8883153606527
845.275502268594
843.7629433874529
841.9917589061617
840.9405273497512
840.0898710758124
839.3603401740423
838.548411383662
837.5991429190909
836.7474024149137
835.8712819857536
834.5810277443229
834.091698380817
833.792113217388
833.3342455782118
832.6150372112104
831.6463204874946
831.2670775926372
830.7756388415517
830.3652135296802
829.9001824834771
829.3527064127089
828.7654537243017
828.2922941380078
828.075039938173
827.8302550059389
827.7138610267527
827.5062603678566
827.198698927599
826.9961589062094
826.8699306463741
826.5792468003384
826.3317187904963
826.1763603027657
825.9428137865999
825.3300768130907
825.0810316591762
824.8671540866666
824.6362181668333
824.4939990295512
824.3907850556456
824.317775571063
824.1022356147594
823.928063612873
823.6119603939392
823.3435508679653
823.0977978767388
823.046161062605
822.748235680969
822.7321852032354
822.6758429756748
822.4089604456342
822.2936104168751
822.170141623609
822.0475853857527
821.698241460276
821.6361063310912
821.4416701910757
821.2409021456568
821.185056733961
821.1147992032628
820.98231243755
820.8401515051648
820.7322959838292
820.6895854548034
820.5755495237084
820.4605340804156
820.3893561314303
820.3182542330707
820.2072283609926
820.1619866999747
820.09238145446
819.9969701179616
819.7152773344704
819.5528290342959
819.4952682966914
819.3359595221892
819.3040647777462
conv
15.290767759676013
mins
803.9798362428157
maxs
873.5374938152878

clear_de
923.7869044589384
918.0549773666285
914.5405667774436
910.2340956160272
905.4436352156272
902.6178438601822
899.3397727648835
895.5234153966567
892.6917326277828
890.0222907382881
887.1452167101783
886.0954088309215
883.3846776583206
881.2112603363373
879.6535734616137
877.8627749522819
876.9621393425731
874.9281650432571
873.6170979782784
872.0419488102359
870.8300361845323
869.9765253768776
868.8366136622813
868.0616996684167
866.8304797289761
866.0814394853572
865.3190959881689
864.0332759978238
863.0239731786096
861.6042717799044
860.0086960701199
859.5369596505618
859.2131055577594
858.6428943596308
858.2323609937397
857.2981783248923
857.0078461580923
856.8086660371425
856.2401296862404
855.7110728772968
855.3335501163529
854.6252225225746
853.8563679629893
853.3122420318879
853.1301805037132
852.415755053993
851.9984838651259
851.483504844596
851.2571301235656
850.7900561852773
850.7038619438837
850.5621830482927
850.5145790438244
850.2892104305178
850.14617453043
849.7401987690469
849.0352633373076
848.9079374073766
848.4181310114141
848.279159194152
848.1375845831617
847.6299578456756
847.5882406812739
847.1369052632598
846.6482558125363
846.6482558125363
846.5520621456878
846.1395843895829
845.9230920021114
845.4550462227093
845.3139293065849
844.7162989850398
844.501413525108
844.2288028149388
843.9600436395318
843.9523711550058
843.7921478444108
843.7921478444108
843.6189840991279
843.2618108217746
843.2475150000236
843.0401484518478
842.7993885598995
842.3171598198131
842.2841805620582
841.9503973113503
841.7428118766661
841.5868202043966
841.5868202043966
841.398757549138
841.199942419846
840.7090416522775
840.6518488734476
840.6008095185482
840.498676055676
840.445103926757
840.2226134113365
840.0585786998257
839.8455208283812
839.8037892145838
conv
6.556728682426079
mins
819.8115412706608
maxs
853.6160698179358

qlearning_de
920.090062226573
911.2962385249418
901.4959018601464
892.5857560617916
885.012684958844
878.6516704459164
873.5347868824978
867.3882714178072
863.3502367953671
858.7820916383565
852.4828198072137
847.8100341018707
843.1226243448426
839.0858542299943
835.6614955326103
832.7556651672186
830.4080631492734
827.8026097989989
825.706624840203
824.1915481892614
823.0317960474969
822.0615207517673
821.4647308749776
820.9090247172343
820.5403156894946
820.1370618304084
819.7174167511274
819.526782700251
819.3410410052478
819.213393962124
819.0394528244568
818.9617258861224
818.918694672513
818.8719480424805
818.7606712811622
818.7326253859951
818.6973128738455
818.6698754702988
818.6535367837434
818.6419536170241
818.6299000501785
818.6226418923549
818.6161108455582
818.6071693138964
818.6010466963808
818.594992078431
818.5899310333042
818.5874162497435
818.5826410030488
818.5159552648253
818.5143534799597
818.4368870862469
818.4348223278192
818.4257089723023
818.4166184015979
818.4112974179021
818.4095773791164
818.4088046990271
818.4067020612015
818.4062574761297
818.4058728194041
818.405588496375
818.4039368498799
818.4036152873235
818.4031810890596
818.4030224597072
818.40225715055
818.4018598142034
818.4017226117764
818.4002944589395
818.3995359025013
818.3994609231588
818.3989663866777
818.3987398681616
818.3983663798925
818.3982814964227
818.3980925161578
818.3977627811286
818.3975035492288
818.3973255683237
818.3971788280228
818.3970642683219
818.3968873518215
818.3966936457534
818.3966363700529
818.3965920324114
818.396547674009
818.3965189883268
818.3964556371134
818.3964298853207
818.3963465310205
818.3963297586472
818.3963119431114
818.3962955017423
818.3962777347336
818.3962654509637
818.3962508385587
818.3960787064907
818.3960610083565
818.3960265754389
conv
7.745522807869912
mins
803.1384665475448
maxs
843.8466351823248

clear_de
630.2520396069926
622.8981157634216
616.7167176626162
611.4017040347583
606.9067229887592
603.2699528373493
600.867021972225
596.2648370548417
592.6476164314989
589.7725405780776
587.7417030672236
586.8589417519784
585.8655031057878
584.4776346583388
582.349076783585
580.3442994767611
578.8002991315516
576.6165780906836
574.9474035908668
573.4009377807452
572.5676412364904
571.9518710316818
570.8676144324315
569.7918536221187
568.6828347481552
567.354716887054
566.7180254719119
566.2001662015689
565.3051428613555
564.8565164071299
564.0759090349562
563.4954057747624
562.8675125900287
562.7495632871021
562.0587618683794
561.5491111165165
560.8070467317539
560.397578961628
560.1370535020569
559.7585379008833
559.0530357165452
558.4746834241894
557.8030539481936
557.0109546870264
556.1757604521379
555.865933422633
555.4085940889059
555.1499846097277
554.9728075989124
554.2355461154656
553.9858748750474
553.5707502766069
553.282489281833
552.8861565215143
552.302358288843
551.6521142927996
551.4196757308857
551.1587305616282
550.671863860793
550.4231494109342
550.235096164966
550.0013961143794
549.8234141304267
549.2720604271453
549.043663660809
548.7668092743876
548.500512838456
548.3109012680986
548.0738597474042
547.876202556133
547.165202609804
547.1297329339303
546.8608841756281
546.6299862167741
546.1496357638212
545.9230839437441
545.8528267011628
545.6305691603103
545.3236038247021
545.0897184211468
544.8364446921613
544.6456916844809
544.3803882878738
544.3803882878738
544.3214116242203
544.0589867061151
543.919900655088
543.7809947719304
543.6425991873848
543.3675349709999
543.0955476031204
542.5838901588105
542.5838901588105
542.4037131782809
542.2964398633048
542.2964398633048
541.7231123046636
541.6421056908667
541.5166063050932
541.3927106607912
conv
5.940103477982814
mins
527.1427853828164
maxs
554.884458585544

qlearning_de
628.6960393741397
617.9891522749006
611.2367690024797
604.2881633745948
596.7384852362374
592.0217980874527
588.4680130371165
584.2677783633663
581.603199716447
578.6036500717197
575.3535665801604
573.1910594103821
571.0044606286355
569.165671401954
567.5000475658258
565.8705569116956
562.9036272946516
560.9367959309251
559.0243355978228
557.8607301122573
555.119441483282
552.7788951972233
551.2069904928244
549.4798823156898
548.2893472882406
546.7760966970172
545.4358975085742
544.4907438363766
543.6786769600353
542.735952312853
541.5157761833074
540.5429539339227
539.4511294695287
538.352865389168
537.2359506343976
536.0111436916815
535.0338453705799
534.3177112246442
533.8752507688474
532.9567620419837
532.2230375402282
531.7816362445219
531.3888615993978
530.8500756477846
530.3897455349227
530.0531720536862
529.2599873412779
528.6908620662092
528.0785826150973
527.7080619398163
527.5349598364625
527.3740113832904
527.1810020107317
526.8454441035638
526.6709572384366
526.4576206308519
526.3158253359285
526.1676372170444
526.0087031329206
525.6932768669623
525.6248120022523
525.4641966268593
525.185176461996
525.0231765993548
524.8982807406393
524.8640388338658
524.7558465342298
524.7426807045325
524.6516809463069
524.6212220952452
524.5768786020438
524.5359699235298
524.3866525833043
524.2044279361523
524.1595069525305
524.142970253337
524.1172685969475
523.9124280957677
523.8957281167771
523.801893885649
523.5182977468831
523.5033279859678
523.4793509961058
523.3512953422421
523.3048618993972
523.2891681161584
523.2862085627604
523.2834040391731
523.2575691385641
522.814705460703
522.7965434867689
522.6737850671252
522.627393411357
522.5795354561325
522.5730751725802
522.4956140138524
522.4596579491886
522.4206090547558
522.3886405145619
522.2808547013468
conv
17.21008697488036
mins
503.9818355162967
maxs
571.9142579412721

clear_de
628.237987521992
622.2808856124717
616.6532411732853
613.1286051407259
609.4920213385769
606.7356599902635
603.365515587993
600.4900308976524
597.2141396666309
594.5028883600667
592.0827194447571
589.4975835205697
586.8502667498849
584.9141846402551
582.5806332300538
580.7896583925165
578.3080744640862
576.9063379742598
574.4273170424809
573.4430436571769
572.2281899496069
569.9276405752173
568.962918854242
567.892333446809
567.1130476121949
565.9753242435139
564.897737316606
563.4676521127435
562.2714272864937
561.022703577895
560.5806185663442
559.669878385822
558.7094615314523
558.6945530250667
558.2065918931653
557.7832881196812
557.2057837446738
556.929849494525
556.3782091097899
555.4798891957147
555.159411407022
554.1699612883683
553.6959120473344
553.3079788342515
552.4256576760913
552.1563187426812
551.8791193607331
551.5200508264774
551.4548780875015
550.9519549190145
550.7896060635925
550.6380518598021
550.3842947564051
549.980066858872
549.6176902294702
549.0246706557707
548.8886017786485
548.8002663315938
548.7468717166478
548.4612004833562
548.2195842604633
548.1536548484609
547.8483630467229
547.7223760490829
547.3094630962277
547.0313056995942
546.7082552762173
546.5304499367163
546.1755095811682
546.1181542784672
545.7702672270357
545.5256851140294
545.3891508814853
545.384078865342
545.1570498540187
544.9091102330727
544.6490472616107
544.5554069114693
544.3281809074754
544.1553051777609
544.0625977051875
543.8319945120828
543.6296900212348
543.351463850897
543.2448727175713
542.9075925691428
542.6778401182677
542.5624982498721
542.2432317595507
542.0646787708333
541.9122145111737
541.8041817612408
541.7006125532497
541.6022212033882
541.4674247460406
541.4277672451044
541.3344830248901
541.1732744539152
541.0549600330271
540.8333450655813
conv
5.536573847551941
mins
525.8879228432471
maxs
555.9154845152733

qlearning_de
615.6511412550747
600.4457019041988
589.9788774913958
580.0397550906215
574.2061737241842
567.2296356718696
561.877582813743
557.7706569704774
554.3793854597108
549.432415241536
545.6959664563761
542.4059972938139
539.1809795825077
536.1583320038123
534.0747147469135
532.2424957162095
530.120277242533
528.3980856106635
527.0990173209999
525.6880222989507
524.7502202019949
523.9331440763226
522.9189334905354
522.0929347169857
521.290151755087
520.769025483366
520.4631111589504
519.8738731060702
519.5743449863589
519.4196021917969
519.2521168058893
519.0537099952326
518.9046291477717
518.7962376395251
518.7244178085226
518.6540971380817
518.5831934806222
518.445592795571
518.4087298109059
518.3814304508847
518.3512116619565
518.3150188489246
518.2972335494476
518.2773276671568
518.241985700414
518.1909657192688
518.1586653391751
518.1380769039267
518.1259438896324
518.1104100426852
518.091693977482
518.076855664925
518.0618773175961
518.0411675629365
518.0249297598181
518.0157916589237
518.0044529718264
517.999748849287
517.9918893335692
517.984461312275
517.9780733922341
517.9761167373713
517.9747751879733
517.9741473330415
517.973276034719
517.9725536477124
517.9717882508993
517.971265796325
517.9709196494432
517.970654151691
517.9703865182197
517.970182122892
517.9700112333405
517.9699238741573
517.9698403351442
517.9697616906267
517.9697217727232
517.9696634377268
517.969608404952
517.9695745860284
517.9695087222794
517.969479316712
517.9694536479223
517.9694329884304
517.969412021193
517.9693977464357
517.9693801827611
517.9693685137258
517.969356396757
517.9693476149744
517.969341118308
517.9693357710368
517.9693308552313
517.9693254814729
517.9693212384726
517.9693184545611
517.969315375997
517.9693132958183
517.9693117470007
517.96931001886
conv
8.103393611800117
mins
504.97921601540367
maxs
548.7609382506275

clear_de
632.5273504957171
623.4034544228142
617.5626854823979
614.2004336031555
609.9724974337436
604.960712500868
601.3123283399966
596.9848755567675
592.84798404872
590.7698320865078
589.1457934532776
587.0288854754285
585.4312778204313
583.2421207355477
582.043796481195
580.2647850426222
578.0586375083057
576.213701691536
574.4377610385807
573.6177584372673
572.3572793224337
571.0154424764661
569.3034836390902
568.5331736036288
567.5316444441887
566.6196018576638
566.1223109032093
565.0692878947997
563.5956026380765
562.2081062558236
561.4950474762883
560.5051465104585
560.1011622470209
559.8405343073146
559.3871608462318
558.9144838654094
558.0832840542706
557.6717498596054
556.619280974366
556.2354234407353
556.0913291222511
555.305813870033
554.7860105718231
554.5172782731631
553.9598410765929
553.6408576162954
553.5210035177261
553.117746466182
552.6849362775308
552.1095441308618
551.5414876308168
550.8839437245229
550.5140592016442
550.2635930560831
550.1123571526367
549.8977857601839
549.5259759418323
549.2230998726342
548.7010915831582
548.4490372445692
548.0605050744601
547.7479107381396
547.5895419780172
547.2638047764194
547.0443357702957
546.9199555047801
546.352920103091
546.2653406605738
546.0687555228209
545.9440124257553
545.9073389704319
545.6903013604978
545.4285670954077
545.162101899424
545.0716637289147
544.9103200538137
544.5961861156132
544.4225318499668
544.0620034724302
543.8381138862919
543.7646343090462
543.3520716765962
543.279768506889
543.0381282507742
542.9209763724069
542.612344797947
542.601208152553
542.5792440926324
542.5672991633968
542.4778013031286
542.4488418133596
542.3952216684246
542.264749509045
542.2072262480431
542.1527741942299
541.9764025680186
541.7744781927208
541.5905010199094
541.4222515614747
541.3345061704847
conv
6.139594532982461
mins
528.0112327410989
maxs
554.3435026798052

qlearning_de
626.7572398209995
616.5484388030009
611.593962532811
604.577028015479
598.0688313607096
594.5436566190875
589.9313498001856
586.2536196575518
582.9816661841561
580.840552667057
577.7789818157169
574.9207299912488
572.58757944188
571.6266610777021
569.3753333900984
567.0439907438796
564.7832741344148
562.0216825779709
559.8749996313333
558.7618456749603
557.311756597548
555.1723858951736
553.3432385406054
552.0382255074705
550.6442338984907
549.3639650266433
548.3880037482381
547.5631936986523
545.9811258682173
544.9867274384447
543.5251414705021
542.5840756776655
541.9473046081174
541.2100069417102
539.8779395314953
539.1632457402301
538.283769252343
537.251145958047
536.0652822350517
535.5452051452515
535.1827242326754
534.7077108024372
534.2767143294583
533.8726645470547
533.628804011943
533.209713773042
532.8363730439818
532.5457098500035
532.310059187108
531.8452365358494
531.3253204149038
531.1318349044601
530.8216840928438
530.6554870104541
530.2967608437239
530.0928477651712
529.9452586315675
529.731864392403
529.5049650357112
529.3615706742461
529.2846807352472
529.1800222627653
528.9394531880218
528.7725617008472
528.7353353207274
528.6439584937202
528.6334142332265
528.6046065966802
528.5965340299003
528.4829420002175
528.1437702757008
527.8979385305462
527.7522620293871
527.6271320000127
527.3144124053338
527.0235974957343
526.8484817999002
526.7647940554591
526.6974571317289
526.5920527711596
526.5602509762771
526.3016367323728
526.0998400285746
525.843107457132
525.5360732515421
525.3263146533137
525.2425040128949
525.102478749604
524.9980633525923
524.9104299598534
524.6032313536609
524.4627019079002
524.3876259924235
524.3582219241723
524.175814061403
523.941584203554
523.8970294697461
523.7597494346394
523.6651985732227
523.573431172058
conv
20.416674507666066
mins
501.9928112567493
maxs
592.2164051960724

clear_de
632.0070128058968
625.1105669317232
618.8992571296595
613.6984121376622
609.1438261289333
604.3502848588236
600.2790167459302
597.3483603404499
594.3357940789275
591.9298720843067
589.8739793388648
586.627913116133
584.2385829890854
582.7567685878922
580.8040025619301
579.2712267718831
578.0706826131443
576.6667039693978
575.3017488638617
574.3707296631579
573.0592362045195
571.5390872455977
569.9357924402453
568.622490839203
567.5247708674323
566.8315219753534
565.9127094041207
564.5371652720529
563.6796461177692
562.0986326853788
561.2237588410779
560.0716994737804
559.8449042416863
559.3248640252793
558.628969510565
558.3815263415354
557.8318288903843
557.6084745921171
557.338759341836
556.7090138859802
556.5242981482327
556.3548440103845
556.2331785221717
555.8539129060559
555.5567892476178
555.3473248325736
555.1220050255048
554.8498531807486
554.2675838841283
554.1225615784223
553.8544225724959
553.7733001138934
553.3307265794791
552.8505733528442
552.0654786285014
551.3914928734841
551.2519218739823
551.1042008193449
550.475940644447
550.3458127634285
549.9536707553095
549.5865855130882
549.0639029014557
548.9810292015301
548.7506263038481
548.423394939779
547.9807199907848
547.8111232838867
547.6853559091834
546.8449485306666
546.4310550172072
546.2584650313647
546.1032703979398
545.8712846114177
545.1584524089776
544.7913205821918
544.6596888084146
544.4249770871911
544.2060197526393
544.0798039200946
543.8165202467362
543.5335422860704
543.2107381640351
542.9452494668863
542.5847049802065
542.5695923143805
542.493866014116
542.4388217658831
542.4175227525744
542.2666231437696
542.0814753246827
541.769415143354
541.582709238592
541.4790481412631
541.3895681575807
541.2672558129627
541.1249604510649
541.0480163702847
541.0180780578626
540.8267899499878
conv
5.113821206418951
mins
527.112648594104
maxs
553.1561615951009

qlearning_de
634.4317407008157
618.0724717436789
605.1428847006977
594.04639258013
585.7398639773207
579.9152258314917
573.736231833764
567.9269022890355
562.5554087876794
558.5389930425221
554.5173491389899
548.8766756999692
544.8537862496626
541.4457768772371
538.2403473997016
535.1196457361478
532.8872467670677
530.6846739964371
528.8049138124669
527.6188936831144
526.3279823239195
525.4347725656366
524.6432229294231
523.9988517710938
523.4798137116977
522.9372109598847
522.5750415620172
522.3529802843309
522.1126237895822
521.9191541600798
521.773553665706
521.6641663294679
521.571283194201
521.4566585253658
521.3962796052914
521.3600668503112
521.3207890804355
521.2915767962298
521.2634568415701
521.2341082236228
521.1721091669458
521.156945042501
521.1501453148162
521.1415260710771
521.1337103883731
521.1238686612047
521.1148678415376
521.1095540000487
521.1047659944996
521.0993212926937
521.0968411173943
521.093668435857
521.0915607170781
521.0905046184537
521.0888474204196
521.0879785902674
521.0872912074923
521.0864717896719
521.0859703975248
521.0854374542258
521.0849617225181
521.0846166605774
521.0843682347709
521.0840885037417
521.0838508469105
521.0835991066749
521.0834096616067
521.0832350613359
521.0830758314439
521.0828245075004
521.0826557610634
521.0824987254326
521.0823906413832
521.0822914288519
521.0822151710439
521.0821601055596
521.0821100286857
521.0820618145632
521.0820132643094
521.0819720066025
521.0819387830765
521.081903695187
521.0818757301637
521.081853105437
521.081831567884
521.0818126972372
521.0817936811021
521.0817788342107
521.0501986243565
521.050187800291
521.0501773257572
521.0501635366512
521.0501526207534
521.0501432597265
521.0501365197593
521.0086645135308
521.0086559585789
521.008649547031
521.0086442686192
520.9844680297123
conv
9.713352027035546
mins
504.0093298814002
maxs
566.6284452751241

clear_de
19701900.085881874
6119183.896458541
3460402.7584524923
2424460.3838510583
1077855.0148469813
726943.9438542639
611085.3195745541
384844.37439036573
322003.4407847374
207697.216686707
173066.1525236383
149176.19914588047
115566.44883336592
98833.76960270299
86087.44650595535
74409.04183311624
61374.84814531091
59099.74758993416
55063.887302900126
50093.55041247369
47462.218064950575
39579.251670201375
33696.964981911566
30722.671713156265
26855.821671168585
23576.648779197447
20757.530659208292
19297.438599227
17142.057577919637
15944.312127771731
14942.87928549962
13932.076937452108
12824.249356106446
11813.008853127463
11100.760973294218
10268.078699287025
9693.136620804997
9562.317872144833
8960.785521574384
8407.376556157433
7705.30927749832
7414.802032431795
7067.855084663132
6662.3028263771
6496.6800167272295
6231.27134982153
5835.518362196633
5627.635075564915
5495.519060935158
5157.066698265566
4907.763947936618
4833.074349586059
4659.036132436494
4605.9228094409655
4344.251019146472
4181.079963856302
4086.4901702978595
3883.196981363814
3774.2217959288614
3660.126056255739
3578.7047175068005
3428.0094720258803
3349.742025533001
3268.3977424508553
3204.45311740101
3130.66896564224
3089.212767300817
3021.9924692532177
2985.242112132745
2904.7221271466756
2859.2425607011473
2795.030118944386
2728.72905787769
2683.9205872825264
2647.5074190809264
2612.57998081305
2557.879006449646
2513.229275394563
2496.859144207018
2461.7695996684647
2421.1289903826337
2354.7898352165216
2326.3331498475222
2306.5456513411687
2290.063146924067
2279.865096799348
2233.5402704010007
2213.0830871280295
2200.3386678565107
2172.7022026502877
2137.2862606764447
2110.0431605447516
2095.4492297152233
2086.5333007671306
2070.209673011875
2053.0403031713217
2028.4267387952254
1999.0078080622761
1986.7032478065535
1975.2713854822807
conv
349.7965779986447
mins
1591.1542650991623
maxs
3402.3798945332514

qlearning_de
11383237.371606834
3470683.4395081843
2143610.869366776
1180219.0296447743
785448.9948599174
455127.7463862502
301839.865619272
223711.30894026643
149347.337286208
126430.4287854503
105279.01461756893
86140.73215575171
65240.18833983311
56803.232878073184
54431.18644750171
49543.40452612811
42726.961611387196
41265.51543521741
39937.691592198185
38893.763868689675
37519.896518728645
37051.58643476752
35319.203224343604
33929.98547659783
32679.578911127202
31460.533854334335
30891.13746384295
30130.283921897128
27741.086190304515
24573.834312254086
23737.353997220573
23609.273253714953
22764.265811328416
22509.98162498834
22307.040513659897
21921.600400249095
21605.435047002808
21109.929742803033
20806.356208778772
20639.892726867947
20479.81920335177
20027.495697766313
18027.429549419154
17704.36381918125
17659.962523707854
17347.54274279891
17304.064202689362
16885.652853581894
16484.39611283775
16459.745395348975
15925.45332938438
15888.846397063793
15592.969634517387
15436.216855041997
15416.487159885557
15311.989533317601
15241.985194344548
15203.038395787997
15190.757350821106
15180.529669984138
15146.107127754447
15137.468648168822
15125.301181648552
15102.459378967846
12824.400781021503
12741.563888871508
12702.409129060614
12688.177764596925
12680.393093591756
12576.654125619158
12561.808191694376
12536.189657329385
12529.16060382158
12521.17678474586
12358.419854752634
12350.625900908617
12217.925494431029
12195.694975808994
12167.930579198839
10415.675394636568
10292.059759194033
10286.43894274564
10280.196396851503
10276.001421009427
9970.115310806112
9966.3358274693
9962.8371172447
9958.758883204067
9954.111956883387
9951.211061352342
9924.335226172167
9913.453139016376
9907.746603475864
9904.503353727334
9104.95697125373
8566.950303390244
7107.402700487596
6713.593276866305
6656.1824902237595
6654.617110718395
conv
18082.193010930067
mins
1503.0016226769303
maxs
119955.24295192913

clear_de
24571609.128473245
8844706.408323264
3701034.252449816
2556040.851841849
1586552.9370724983
768393.3497763575
620665.8925067948
320424.9323536218
243957.00132384428
199098.0975613742
175768.88020149275
127106.07088193212
89453.2856603417
81003.2406146572
70667.60672834734
62921.280075762465
58635.30274198922
51873.44976586219
44317.27388721868
38714.52350475738
35231.44185987916
32505.526481719775
28077.500243073166
26770.539482516535
23865.1009890384
21439.866643454694
19736.066297271784
18708.377193178538
16042.498972917334
13072.989406150657
11995.255660853933
10861.719665825676
10036.536991470213
9340.68965784663
8525.250031386151
8331.895421444231
8070.05178784602
7760.909473518571
7291.019565421705
6693.372094978498
6485.056181890698
6168.545451734216
5792.817853462873
5644.4487600652665
5500.237189630537
5342.201749425597
5160.441780862854
5010.203160506799
4790.307661319136
4645.580323368395
4579.664341490962
4446.911334177978
4356.572225620767
4182.450518136245
4080.5421315540375
3939.0526165272504
3822.387382700993
3698.9967538941746
3666.0361010798583
3590.1825916718353
3505.9516199024747
3400.5926456246334
3327.698841552919
3250.4194323975903
3167.582560906663
3085.552015804962
3049.002142196191
2961.9581617961876
2896.367684759705
2837.1374735192576
2790.7229803707914
2720.898203668496
2678.6695069000816
2637.494107305787
2555.9844323786924
2499.3354866267705
2456.2755347786388
2417.113308189543
2377.3878002729534
2346.098580222067
2314.522159748103
2285.248183523343
2272.5657795089837
2261.711657769552
2236.5732360765023
2208.212169876588
2183.9359290487705
2148.648947723068
2137.480102293206
2122.909139632966
2093.4506627333367
2080.501309181721
2058.5151267229817
2044.5673796978006
2032.4811910034896
2013.2349940129102
1998.6501293707279
1976.812096016307
1939.6787863186462
1921.2674559821376
conv
316.913867721976
mins
1558.2998746218466
maxs
3833.2569960520545

qlearning_de
10811852.990505202
2185221.3810517853
873693.9737511978
408329.8028577279
196671.39039396064
124763.3020111946
62224.35204825717
40195.19772346771
30210.635351884583
24272.395974135212
19584.16735484147
17105.11054311713
15261.74459933854
14606.168455479326
13722.445846225775
12496.476899948346
11977.684755862336
11506.793260322884
11260.201101409728
10965.369267350763
10787.55500503067
10624.305590282052
10480.703721875374
10287.4004749635
10121.790226195359
9974.674676063245
9869.622682863615
9748.701499486731
9644.18315482265
9534.750585177737
9429.2508107618
9319.256195938804
9229.125890490051
9144.474739805628
9048.236841563968
8960.565068650903
8864.480732621045
8784.66153929741
8703.114485054593
8619.04118625731
8531.61647855393
8445.216412467904
8370.443888037329
8284.731753542988
8200.392599314555
8125.0295903222905
8043.018523775665
7945.7319419447895
7862.643263008456
7778.753232168914
7684.8598077702
7607.377210062358
7517.893339966121
7433.591619932704
7347.572138361358
7253.95581382858
7167.024852770485
7045.192962344614
6949.818543199833
6864.142530720399
6780.5524386902425
6695.2416782309665
6600.270804081017
6512.052025854697
6423.592217309205
6339.2514937974875
6258.952603639526
6189.890291898391
6107.979406975843
6024.465757539588
5952.862237514418
5860.0720112287
5734.313076968878
5652.224342964107
5569.682778849883
5493.484110971801
5419.010611979586
5343.856407540866
5273.770255709562
5201.590350954938
5127.671378889677
5061.8220696371645
4997.728998749065
4935.1921101498
4845.556815049159
4780.901608656149
4703.195861626094
4616.575922108788
4546.917267509212
4480.507880721463
4388.215015005973
4322.965761675841
4266.718446070179
4215.771451606136
4160.571729180837
4089.1809608128538
4033.9765434996743
3983.1291683325962
3926.6177774730268
3874.2195677076
conv
4600.163928053817
mins
1504.5109341902316
maxs
27817.259588519722

clear_de
10932570.367334144
6802319.239094622
3654522.447907762
1530988.3885608304
914772.2123075789
669695.3930469563
541133.2849649847
335979.8312268126
271371.2220665665
232357.82634274394
188942.49566450258
151038.10697033827
134172.90895772714
106520.95640364208
67635.59746225942
58759.35189098829
53209.59537829689
43892.272608378174
38838.90784352765
34577.32071904069
31406.044232067397
27464.893585732287
24517.155140163224
22182.731265598453
20793.275101582745
19412.597879350586
18030.325889295622
16878.50063294807
14992.224141555133
14264.279257866297
12337.408883277094
11109.172372812905
10778.592167538816
10257.018566570074
9515.76884811393
8949.784801236563
8346.084196134738
7695.398446676463
7386.2309179132335
6896.908355610121
6761.777293772641
6496.033394154099
6177.492834438091
5835.297646583573
5601.9611916748345
5399.215106678245
5271.74463222933
5044.392698302687
4780.515701573495
4657.9806673071525
4465.0039787533615
4260.056327615056
4164.163637137489
4035.153238120241
3942.1705680634104
3867.4322861983196
3768.729136485582
3711.818720005486
3601.6149885974282
3567.846245786624
3474.6342862165848
3391.322724823056
3299.6892000883727
3225.2610692218095
3154.9807838196907
3047.45398178085
2993.251927825601
2938.0286907287887
2843.659086926138
2795.4856787726085
2752.177412587792
2733.0156807276044
2695.8970504635495
2627.796824974024
2607.3723909541877
2582.231106160527
2541.442754356493
2516.7600456956525
2460.5332055036565
2417.559044186223
2389.3327277758253
2346.945978614103
2297.308424466145
2276.8531735282177
2244.0068319908105
2232.3568473185064
2207.9814751206304
2173.326780120726
2157.4513968944984
2150.178901727091
2136.440613532772
2113.558865020745
2094.067570975324
2044.226069625251
2033.154470211128
2015.2382116128952
1990.9881466304216
1980.045746926326
1962.5613728828089
1950.575473709433
conv
378.7914665143712
mins
1628.050335754956
maxs
4630.175721665231

qlearning_de
11668184.706105059
4186121.2975344397
2500091.6640544794
1481243.1737978715
1091277.595994535
586383.9865061723
460305.654088461
338088.6314619534
249500.88068674502
201232.81290369722
145880.63566842166
131596.15858846586
100991.1353397539
86333.56230724316
74730.15720109447
64591.95608393019
60871.84253396586
54847.934388932415
49673.58108044176
44983.7037007788
41763.98742086347
39538.359403141636
35537.10398531129
34002.518431820834
31955.434375187328
31618.178729463452
28867.945444868034
28204.394456581493
27221.811909071734
26532.794132398754
25702.73299054001
24799.251875677543
23411.101673324272
22075.635145215252
21943.92715083755
21759.702935353354
21611.284747484606
20988.664187378356
20876.883005181542
20541.805023569377
20347.10197082216
20290.829347482468
19037.5250048173
17577.097572595354
16973.95286561358
16613.462720641543
15778.664605718977
15670.475269197043
15590.387551799293
15521.985428445485
15456.464980170878
15329.46150773546
15116.07554493709
15054.175651635203
14018.369723074586
13517.393970524681
13498.79083280323
13393.15108103439
13370.93122761778
13278.576461653507
13133.385341748037
13100.40644736713
12935.692584437416
12903.708313888577
12848.807269727293
12817.260561867291
12805.28073819551
12714.342851464744
12489.693315027745
12226.26928843931
12163.20311842326
11885.377379223688
11871.300268459916
11643.147278198327
11634.919415627188
11462.807126166455
11455.003033086849
11413.330058981872
11237.87361852794
11233.807556967982
11216.749636374436
11131.85411532374
10855.207827369142
10566.21223233575
10560.715286932098
10551.949520755246
10430.013830768317
10296.823324377638
10218.283361819667
10165.60392975511
10156.88070037313
9990.057554589765
9952.544459179864
9934.873696731123
9889.72723018596
9855.389432268901
9585.566959550131
9360.925051528668
8891.171668859513
8828.676148010365
conv
17642.674986922728
mins
1501.5784697356007
maxs
112950.06175017802

clear_de
11006639.320750741
5065738.414493046
3445703.2625552835
2038713.980155454
1093678.3820814178
796567.4344527976
519859.1739657233
385464.6415834012
321836.0527337152
217735.70310523882
149994.92255952035
125828.3558272617
106263.38790809507
94721.57710136138
76635.58111304359
65967.69528234962
63079.97370209652
57507.4690425223
53331.27938144272
51552.69532306809
41880.14124324607
37556.5735155888
34246.658954850645
30676.054592170265
25796.877698532553
23404.912915871228
21651.338767305944
20168.436614655846
18470.25828832387
16631.314385509904
14136.747595926381
13174.068303214937
12485.451857708404
11464.900560230662
10825.67711807818
9710.14154137816
9146.136529959209
8813.726141035908
8492.367309801244
8030.923512470351
7647.9043339149075
7101.950548009977
6690.549061440926
6309.192304152217
6099.41415962556
5902.614626678102
5730.20623237435
5418.607425992864
5195.008436863058
4921.309982247978
4796.942953921917
4467.118932633592
4418.010302711237
4257.812922305109
4195.408715098948
4057.3001122740698
3952.1033108603892
3810.11895917751
3675.277851242371
3564.1855050605873
3481.9044639466942
3416.809368587664
3395.215316549966
3310.8557766521567
3284.6650982349847
3174.2160290385928
3104.479724953199
3028.702076348185
3004.634103852024
2965.484661460481
2901.7022384533466
2864.9540559248417
2833.4248719859447
2767.9626234171715
2716.6217105104165
2693.4835549648255
2636.3627541050146
2598.0671386931745
2557.906131768057
2521.082004875751
2504.2168841759994
2480.103609104125
2443.0204568911195
2404.9413604484494
2387.112901715347
2340.1724895489256
2309.1860571813113
2275.9659463946755
2246.814232603849
2214.903989570894
2186.5580206772966
2156.70039075661
2129.0075857239767
2118.0261323621644
2094.537941770259
2074.0870394806193
2046.0742473637345
2040.7559528160036
2023.0139423938547
2011.684970032828
conv
371.18186829484154
mins
1613.8311040040742
maxs
3796.9256124518492

qlearning_de
16992382.64666518
7019959.3068202725
2328288.0822751825
1135952.6976147732
654864.3192608184
362086.85081506596
298546.84547145286
182702.0866372934
105822.0061831751
80362.68590930103
61658.59334961702
51243.01656567764
37813.32419689079
27031.501671306123
24032.447788851397
14108.278294071706
12486.399050413522
11572.430493059943
10120.640609987331
9687.741749158382
9139.51320519072
8634.595823847374
7958.893740896398
7746.620994082333
7596.951016821203
7466.705790422018
7096.731818699498
6987.825039598705
6891.028425116359
6818.819038060748
6737.406777018955
6645.863270286693
6583.6188414576245
6470.3892479538945
6400.9042955441355
6348.35508429063
6013.4892399783785
5970.1067994128025
5926.060320928985
5878.8567365460485
5830.131319754328
5789.213417196175
5751.997880569183
5714.892382564658
5640.0002708654965
5607.986385618814
5575.9617345336
5531.572449244617
5502.570081034577
5474.155956668863
5445.7737748224645
5411.293192358542
5382.2600630801835
5356.169149764718
5329.975545194688
5304.660812679353
5240.858861549491
5186.6381496487065
5157.035907186593
5136.407325473961
5114.641671566048
5098.5180769618955
5074.170730777679
5049.668401013291
5023.396974919566
5001.08706095537
4980.850175639053
4964.5125993564225
4947.229951611983
4917.705475957051
4877.43921299825
4852.232938371677
4833.903220148302
4812.712671224187
4789.599338944735
4765.619939708703
4745.663426296631
4727.773249900577
4704.794750661558
4686.439930909996
4662.716039481156
4644.173094997281
4626.055645495906
4607.294179287603
4588.118029154586
4574.336145286456
4558.4132187874875
4539.821586806264
4510.695164719236
4489.757367047105
4469.514763683574
4441.282885217348
4412.153404567271
4389.617986724868
4362.640729294069
4337.654328442267
4315.8563159163405
4291.213135056978
4268.177415798073
4236.141370351073
conv
8026.1282529464725
mins
1504.1523714414036
maxs
52761.258911675926

clear_de
3911.2757411137427
3694.1138036376483
3554.9684897925113
3461.5433720124447
3405.2889902397974
3357.991624523257
3320.8498126004124
3281.3618277807063
3254.858459638413
3233.7160667991875
3206.720830828723
3181.391198901756
3166.560607152114
3149.499730530736
3136.556642265112
3127.729308210038
3116.5567567040744
3100.813585792805
3091.196606604095
3081.700312444609
3076.375520690205
3070.5883363176567
3061.7955421346055
3057.433987280453
3051.6177942607355
3042.8270934688394
3040.771573198781
3035.915286411159
3032.478925827061
3027.1106419903167
3023.097675542059
3019.4306534882053
3015.649786038333
3012.169474638369
3009.4928644741767
3006.667409353332
3004.6194669712863
3001.1848964806104
2998.307408414881
2995.8840100569055
2992.830390132875
2991.4184638571883
2990.020937708965
2987.852513429983
2986.8524390393163
2984.2489098053707
2982.5956103983935
2982.1563297387283
2980.6513327432576
2979.5611713307094
2978.4808112643664
2977.0128502234106
2976.1367207826697
2974.692581746757
2973.6407598107735
2973.1601947954637
2971.941801372255
2970.55335108472
2969.900945113558
2969.079507786983
2968.419705388807
2967.878094182288
2967.2037161601347
2966.0336250492296
2965.3199760673688
2964.481862825181
2964.066621426145
2962.9490513756105
2962.1140531761284
2961.636039204108
2960.8363892642137
2960.3068725287408
2959.551694047772
2958.9378044490754
2958.3793980700116
2957.96672498573
2957.318932151632
2957.057657334063
2956.510709371709
2955.44761884401
2954.8818808572496
2954.588149935814
2954.034086250135
2953.767323286551
2952.958468804333
2952.4706424282253
2952.2167901006005
2951.595159552957
2950.89688589063
2949.985876972352
2949.7812436366185
2949.510400814636
2949.1269355056393
2948.491471755298
2948.076540017437
2947.455907489578
2947.0792747824876
2946.562324173849
2946.439329614265
2945.8450394356273
conv
13.212590238926508
mins
2906.7613940688702
maxs
2966.2355291377553

qlearning_de
3775.122806772883
3581.1092473458084
3474.236638720183
3376.347555861606
3299.6346384599556
3257.551234479709
3221.9402256202525
3191.5373171528
3169.2887221917877
3147.5864020769745
3128.3515364679806
3117.9868293199142
3102.368337719348
3096.3547257111013
3084.317929437125
3070.912605619451
3063.7357286775064
3051.38263523154
3046.489972265495
3041.320844101066
3035.3712737407263
3028.2144551672613
3025.170462993689
3020.90014198267
3017.993957185869
3014.491127768427
3010.903627196742
3008.866890954665
3006.4052516652514
3004.358336980099
3002.1109864397836
3001.1679292084264
2997.915099065921
2997.5428579381087
2996.7368724163384
2995.771275865771
2993.2369629743566
2992.0033125580994
2991.4545519219523
2990.255199043745
2989.8310527208732
2989.568923414818
2988.8437059901776
2987.6854930015625
2986.4240566531676
2985.9834581985765
2985.077357894298
2985.010895029457
2983.60960274987
2981.399042662463
2981.2896069755675
2980.831688936411
2980.7887485034175
2980.7028142885097
2980.553167547688
2979.8215703345427
2979.6751686938946
2979.567190990689
2979.056064939097
2979.014099330174
2977.64668609473
2976.890933132699
2976.84693999983
2976.8180821695946
2976.374519330023
2976.0237187454422
2975.6382165928935
2975.594447021528
2975.5722042059106
2975.5140094076737
2975.112828415236
2973.8575042057596
2973.046917406892
2973.0230154337846
2972.6433286656293
2969.4074786291485
2969.395498061066
2969.3087924868532
2969.29287054657
2969.2646238213033
2968.567685882675
2968.3855455895346
2968.017737748556
2967.7701617674443
2967.755445417331
2967.6360362080945
2967.111762970403
2967.002094284592
2966.9464628254227
2966.650043426742
2966.641609428183
2966.636184664578
2965.672433303807
2964.964903188668
2964.6931523421786
2962.791588552388
2962.1320211380375
2961.934440999727
2960.0920540992815
2958.794232739368
conv
61.11014939841636
mins
2897.964988325964
maxs
3408.8003920134256

clear_de
3914.512471522205
3728.8514731486353
3609.738146738583
3536.184741746118
3444.347672250475
3379.3927998454164
3332.9456840873663
3302.269174981199
3273.059369444018
3247.3812103073565
3222.768403740548
3199.250856878666
3174.880167708751
3154.2823388204442
3139.141825403136
3125.861543093502
3113.5537099457624
3106.6361110994358
3095.920784527375
3086.883294299182
3071.006257717319
3066.8921804837073
3058.5965419095896
3052.7598332100592
3048.5159762414933
3042.4701978226653
3038.1526949767767
3034.510993454329
3030.570146692013
3026.862556717515
3022.8677337070876
3019.2054420895206
3015.351842583087
3015.0193814935396
3011.890114427989
3008.8704037700813
3006.9244192672127
3005.198577235274
3001.889629780735
2998.773510046918
2996.4878037684357
2993.742632168852
2992.273841668837
2989.6278214747804
2987.7874262016503
2986.7542219813254
2985.741217066314
2984.4123316454206
2982.537268646358
2981.3548467014134
2980.199241534669
2978.9992872574344
2978.1789834023857
2976.530091089506
2975.676944166148
2975.211962542619
2973.911990271704
2972.738843356852
2971.927257229601
2970.9933424430546
2970.103215884064
2968.961312310174
2968.014961957464
2967.308875530727
2966.327743237829
2965.5166043862473
2964.573558171855
2963.7993884187517
2962.942096639884
2961.855699411551
2961.3002475500384
2960.5284039481376
2959.4034208657245
2958.6705227413813
2958.169955721063
2957.039146631565
2956.624918071495
2956.298124741177
2955.768471488793
2955.169610922886
2954.1997422060467
2953.847429173749
2953.4045667076316
2953.056322834284
2952.682977565005
2952.2372691826313
2951.5726986236573
2951.098554664101
2950.9377228223443
2950.568300413441
2950.1403944800004
2949.783447912234
2949.0601862644626
2948.7357199723356
2948.163182700515
2947.3495909983467
2947.129522352648
2946.970939198652
2946.65876087042
2946.4283113563333
conv
12.382568183644832
mins
2915.006980159248
maxs
2962.0135481673146

qlearning_de
3551.077777315838
3312.9460157069743
3180.6269376115833
3096.491321035252
3052.2764716526635
3025.2023391728
3005.4679630538767
2994.8860294148058
2986.230323038031
2980.640071553203
2975.240799596662
2969.778848949382
2966.2901220932586
2963.4452234808505
2961.2531800721545
2958.663334662681
2956.6390925926457
2955.0129196352464
2953.8508771847355
2952.6789809814877
2951.9281867219233
2951.3373566243245
2950.624338250495
2950.1849574178677
2949.739414038344
2949.399799462896
2949.1541101343546
2948.8950678424303
2948.6376268590484
2948.478671931951
2948.340979940455
2948.2392017031734
2948.1345104130633
2948.0147001310443
2947.9109674099373
2947.778016064397
2947.6836529383313
2947.635859525222
2947.5803512321118
2947.521463571377
2947.467527661015
2947.4032040293596
2947.377749162944
2947.350958365213
2947.327697179047
2947.3006763985213
2947.272534576922
2947.2336905821776
2947.2153765023013
2947.1752317570713
2947.136153851645
2947.113065376005
2947.079914685486
2947.0456507974427
2946.9922178925976
2946.967081846284
2946.9345845573193
2946.9237976001423
2946.895436110844
2946.872244499759
2946.8329583275417
2946.791303720466
2946.745860730663
2946.7226424589144
2946.693898830947
2946.671320730203
2946.6270526215903
2946.600482264458
2946.581969890791
2946.5712332012777
2946.5361155807377
2946.474887989857
2946.4666021496937
2946.45060849834
2946.441334484569
2946.4215520567195
2946.4207474012637
2946.417285512838
2946.413855471511
2946.405466247283
2946.4034175349852
2946.4006729792613
2946.3991784623768
2946.3983231116244
2946.3966217081393
2946.394845827403
2946.3938311603824
2946.393005603312
2946.3925951436495
2946.391111773136
2946.3909626481145
2946.3908006906654
2946.390327500855
2946.389921664562
2946.3897567123995
2946.3896342997095
2946.3895369454312
2946.3894128793727
2946.3893821203046
2946.3893213357883
conv
27.17369629879535
mins
2898.267271317176
maxs
3052.5457336336895

clear_de
3856.6137304023664
3654.97584958801
3538.309281734667
3476.00614720348
3438.0131668098697
3376.8066579228007
3335.522734519731
3278.6883339005553
3247.324513978454
3215.410542468896
3196.3020665809886
3175.531947824058
3159.140056632523
3146.402888891643
3131.878887863456
3125.192091741938
3112.1545865065523
3100.4934300773334
3085.5336509640497
3077.7965160408016
3066.0344479740306
3060.9422233173977
3051.7133285275304
3045.551541295798
3039.311281348968
3033.7558297028636
3031.427657329565
3029.4049421415884
3025.86480807073
3022.0368233938643
3017.910000649634
3015.4667639974646
3011.423026848532
3008.6951153423224
3005.2304263851534
3003.099959182665
3000.951072304389
2999.5147250975874
2996.1829155371693
2995.0216228205804
2993.1070978245193
2992.146040345373
2989.779864654513
2989.0217275672017
2987.5435154432507
2986.177220082445
2985.5582995614673
2983.9025837833165
2981.4283106115204
2980.7048115979865
2979.8266660667728
2978.1207405655623
2977.134531814759
2975.8034210788305
2974.456870977017
2973.267442741359
2972.177907149278
2970.852121896216
2969.8500129850063
2968.9127545432884
2968.459255187329
2967.757214413429
2966.519007900355
2966.0156032033206
2965.7367771099066
2964.607251275466
2963.9939824576563
2963.634671851824
2962.7824622005805
2962.241815853397
2961.281871277112
2960.3121876982623
2959.611891703101
2959.138724051852
2958.5896585450096
2958.3454218922916
2957.6984546724984
2957.3364218520514
2956.8283892137197
2956.4067419203807
2955.8191474784335
2955.435875581644
2954.7109822031616
2954.267826113908
2953.771573230593
2953.3612364319524
2952.794871933429
2952.560871181144
2952.193938596262
2952.1267930449812
2951.6238537478785
2951.3140760400984
2951.2017366711098
2950.6983193308934
2950.0688794540874
2949.8865046233027
2949.3434482102984
2949.018610092416
2948.7720958583377
2948.1054573025713
conv
12.780605569803038
mins
2913.355050312891
maxs
2984.5097500477623

qlearning_de
3839.2096961192933
3619.25451145582
3489.9102844666313
3387.4282905703153
3310.9320720238966
3263.013880963803
3213.8674097097496
3179.267556506824
3149.24061515994
3133.1127965188703
3112.1650882322906
3094.2842426164584
3079.9965419928626
3072.867290854789
3059.8372509576743
3053.1931622371394
3048.1452220303518
3038.1436438772566
3030.819088118569
3025.6551118861175
3019.380589245573
3014.2970711884477
3009.5082050384085
3004.5112430524837
3000.6584625846285
2997.0162309058696
2993.4280713070602
2989.8447628628464
2986.8882021372137
2985.6874556072344
2984.370425692849
2982.5428696880017
2981.13691089853
2980.5167883236327
2979.7131377294654
2978.7447161187006
2978.420936474157
2977.9614369806113
2977.1628545727763
2976.6522426677884
2976.45278850382
2974.759186478664
2974.5268201256895
2971.3698305339944
2970.799649688985
2970.3085332571477
2969.696670821406
2969.081857668072
2967.831134741269
2967.226109407797
2967.066444370127
2966.818167506825
2966.754805804178
2966.577030057538
2964.6908796965618
2964.6018246510976
2964.302492152126
2963.8509604128626
2963.5780248365027
2963.130904385025
2962.830839383008
2962.499692098366
2962.0768776730506
2961.4813805706253
2961.2384111892525
2959.927567425177
2959.6868524920674
2959.4888782418607
2958.6614587595595
2958.3230465574534
2958.0592438023145
2957.8330494040465
2957.5412883197882
2956.8832292319
2956.783897100952
2956.647760938048
2956.550910259748
2956.4556373561027
2956.3782057809417
2956.290086656031
2956.2354365876863
2956.1768299597466
2956.1183975680724
2956.0955153504055
2955.728537470552
2955.714010137817
2955.6286744392437
2955.372388151055
2955.2725242019633
2954.959722089814
2954.6722265994376
2954.5159124521615
2954.3817676685085
2954.2983658644803
2954.1562074463345
2954.1204590867364
2953.9792447208515
2953.9036659888493
2953.8033868658617
2953.3362579974723
conv
54.979614920523545
mins
2897.981710322425
maxs
3260.4925891999183

clear_de
3858.004397527119
3711.1386343982613
3601.2134331108
3497.9336059563648
3449.5467982888686
3401.1317048667215
3345.578952363848
3298.6836020585843
3269.586181777783
3246.340255849806
3225.1869924113535
3203.3622492095324
3179.754678245846
3164.0902427092196
3148.5061648938276
3134.0942395464263
3118.142203088056
3107.2206321055246
3099.5921486426278
3088.0058847539303
3080.107788143435
3067.333373164099
3056.875192216712
3051.511197662669
3044.32962359556
3038.7840507139895
3036.1432298502023
3031.3580872724087
3029.0843157583818
3024.6365235537396
3020.648499573387
3016.8061452958846
3013.9161311300563
3010.185910351082
3008.8750964107603
3005.990022596489
3003.2984754900995
2999.5498425200003
2997.6125468968858
2995.7255537739215
2993.164870946619
2990.7813513447613
2988.7499889599344
2987.4825656041644
2986.862442385794
2985.3724088567633
2983.4898889924966
2982.4294884105875
2981.6280211484386
2980.805571759124
2979.9011276081305
2978.690059987967
2977.5846661990527
2975.9786738736875
2974.8686861350434
2973.478224542377
2972.3703189051967
2971.4474026506123
2970.5650082207258
2969.707602238864
2968.795773138398
2967.5309873509127
2966.5334754809733
2965.866348350677
2964.84012340624
2964.44991605437
2963.9224451844493
2963.3250664598427
2962.80246874567
2962.1335386992787
2961.4209809463355
2960.573476077588
2959.9960156130437
2958.9611625335056
2958.244820385178
2957.554507555107
2957.0593542843985
2956.72312404137
2956.4617820935773
2955.7084399126456
2955.1710672583285
2954.6556763189806
2954.1440532232928
2953.339820302894
2952.596332034628
2952.0199623451226
2951.2412981527114
2950.7691817285972
2950.539263385728
2950.105291892558
2949.6956414815727
2949.399912084153
2948.7512660337416
2948.2092589079543
2947.7613683791074
2947.5636048735787
2947.1837653775183
2946.574845750912
2946.1360961056403
2945.6727655473824
conv
13.325035457386694
mins
2907.8474179712266
maxs
2966.910717899035

qlearning_de
3954.578070341136
3590.940224470399
3368.06012298897
3218.7483667337005
3131.7679028242537
3079.8690513546635
3044.6295556516907
3020.075015225884
3004.258490176277
2991.452522579967
2982.2568294232233
2974.311418046291
2968.708454647134
2964.0616101171736
2960.2950514381578
2957.348668756473
2954.8157768459146
2953.229862316075
2951.7679368010395
2950.7683382431283
2949.7372682052264
2949.163430325568
2948.615982499082
2948.222261389136
2947.807389014712
2947.554645830233
2947.295576443415
2947.0581374407852
2946.878975252608
2946.738902133731
2946.615542804637
2946.5109448425246
2946.3699557471223
2946.2125017179706
2946.156550154774
2946.0944752635983
2946.0369285071183
2945.97844919916
2945.929747664158
2945.900695373186
2945.8753509031894
2945.842428752851
2945.825060082363
2945.794788623901
2945.7767069717734
2945.76643329028
2945.752148850607
2945.734243440618
2945.7148026616765
2945.7024048062844
2945.689535177522
2945.6824073715147
2945.6761266954218
2945.6716264303777
2945.667396709544
2945.66270730314
2945.6584528539743
2945.656946675283
2945.6546175163617
2945.6532915630255
2945.651606046668
2945.6503354663705
2945.649749246555
2945.6489873910286
2945.64857048426
2945.6467583397953
2945.6465564617697
2945.6460243736683
2945.6456625146407
2945.645433640191
2945.6452019423778
2945.6449950587303
2945.6448552908273
2945.641653024579
2945.641543268661
2945.6414491015485
2945.641366253756
2945.6412792081665
2945.6412256944127
2945.64116805858
2945.640518771901
2945.640479286632
2945.6404394610836
2945.6404026286855
2945.6403700184333
2945.640344427345
2945.640323528749
2945.640306018563
2945.640288058992
2945.640265017614
2945.6402495799143
2945.6402368164954
2945.6402241674964
2945.64021462642
2945.640121567192
2945.640111711947
2945.6401051086664
2945.6395242579774
2945.639517890677
2945.639084581271
conv
22.50015971607499
mins
2898.0588972913993
maxs
3013.9466062357137

clear_de
3398.0759745638848
3332.291964552523
3235.9634885119485
3189.0536366490933
3150.2197308366767
3122.700471822802
3090.2217087591216
3062.0584549724667
3043.2930238531244
3024.096842896603
3012.133589902024
2975.47001877298
2957.8419797369506
2955.3498795765795
2946.2910496429026
2943.276002221847
2940.7885860684223
2923.646079589553
2916.09980247977
2906.230406778887
2902.680039189685
2902.2917638689187
2897.594926423895
2880.0252910859604
2874.5821535236228
2866.299128628912
2851.9948136958833
2850.2966050864843
2850.0232899502007
2839.488614940783
2819.4456462447456
2812.9327621766574
2810.8337543936423
2809.657032720431
2807.902435780195
2802.034211245804
2796.5372900234315
2788.9187453489826
2785.707808618453
2779.1322817855225
2768.8195150026086
2764.3402627555815
2756.107598028774
2754.668242938482
2752.6690536277265
2751.6175257475256
2747.4744016832146
2742.0540401210624
2738.2388778777777
2734.854847659316
2732.1920191804425
2728.0871715375974
2726.3303887346747
2720.2091147631963
2719.8118925525564
2718.165259525616
2717.8364894585266
2717.2059502983243
2715.057332863596
2710.376456917085
2708.909184695406
2708.909184695406
2703.3762568039388
2694.204534324385
2694.1469382093283
2688.519906581762
2687.66008808273
2677.0360413715
2676.7306283714556
2674.2615572703885
2674.2615572703885
2667.7000559673525
2665.922036666667
2661.5922437290883
2659.3990279045415
2657.2539564668973
2654.2185188504245
2650.923057374637
2648.4306449794913
2648.4306449794913
2644.3116190380556
2641.8414809403794
2635.4624645153253
2634.820509298108
2627.403114072721
2627.403114072721
2624.2008228586014
2618.8475040485123
2618.8475040485123
2618.8077912604253
2613.308861283784
2607.334456151756
2605.9197367491906
2604.8750397077874
2603.1060537765457
2601.833775597239
2599.38522200457
2594.8111436268755
2594.3855634778856
2594.282812406737
conv
168.26464352749989
mins
2214.4485471055286
maxs
2972.856191234098

qlearning_de
3373.3430812160195
3267.0726195600605
3210.713483482822
3157.3398266732615
3113.2750056967016
3077.6362857751083
3057.9458617325627
3024.5276600009306
2998.2053145208542
2972.1008233084654
2952.0303887840046
2917.9895227339894
2911.5093055165653
2897.9280900370413
2891.760348551317
2868.280941890646
2845.1148209659923
2838.044496036242
2827.8688344050297
2824.8097224912285
2821.8384299954937
2813.8998564443355
2804.6865818283927
2800.610786759035
2799.6246224425904
2798.0686072023937
2784.7039202848555
2777.944940764079
2772.5613009118006
2764.719168571152
2761.607184118932
2749.309875603985
2745.1100764596104
2736.7347913044923
2734.323361372426
2732.733295232476
2728.5714007219485
2713.4809183052753
2694.3505496192006
2689.93775642567
2686.878607381959
2684.0035739439318
2681.907899711516
2667.6622253411347
2662.9847846014272
2662.463530505853
2661.3970708412335
2654.8934922384105
2653.4728567255406
2647.457760091195
2643.5383278710237
2642.1782223230025
2634.6405176579433
2631.7866949323534
2627.812640476035
2627.3717738760374
2619.577035886305
2614.6430433535616
2608.0488574369137
2603.8398573752875
2600.8741056761546
2600.3741962909153
2590.6686771101854
2586.999040876651
2577.733112100833
2572.3898612597513
2563.2694995167926
2558.018233467194
2555.3641869761573
2550.525510757575
2550.515386883734
2548.030773717581
2546.104216181265
2545.915799076536
2544.9378414531643
2544.934725064087
2541.4066002451395
2541.406141273724
2535.867863393921
2534.6826317340037
2528.8946785906824
2525.0214559816923
2516.788015200928
2516.78773071846
2514.7757916559567
2507.8346616377066
2506.775469725544
2501.4869995836793
2501.4869995836793
2500.7870436191915
2500.5926604976767
2498.5550691367134
2498.5547823413854
2498.5547823413854
2494.856326662954
2490.30155195037
2490.0604028693742
2485.6807132757313
2485.6807132757313
2481.8282857887716
conv
293.4509280797318
mins
1391.617094794262
maxs
3069.0478208712993

clear_de
3410.1589731432423
3320.7339796505203
3262.1647324948776
3212.548063132277
3176.7800313738485
3134.054337350814
3107.9241117279516
3090.3151388039555
3062.8216502899872
3043.716964802116
3034.3711008085747
3021.8097810433337
3016.163715320953
3000.619824489325
2993.8949518759555
2979.4949197163864
2961.4453628601123
2956.378843759505
2939.885427050409
2930.8835821528924
2915.5157926023276
2901.9087333628618
2892.996394437125
2886.8783356208623
2877.352471534269
2866.3206701504714
2857.905442672832
2849.4803013526666
2845.6189231760136
2837.7930859070634
2811.3249334444677
2806.990287144006
2797.585338688069
2797.585338688069
2794.2491653080983
2787.2357311417804
2781.053691996258
2780.377287161464
2776.9729092377825
2770.033991390314
2766.958984888844
2759.6663450193805
2751.711989853427
2743.2615795341007
2735.621668144645
2727.5738874723215
2727.3796028591546
2723.721587543045
2710.375340462828
2707.432765549206
2705.022867298639
2704.1208300086664
2701.1309294498105
2696.832245042621
2691.12204403913
2687.564150823126
2685.1058260481645
2682.159461430111
2675.0928093845414
2673.1797288611997
2667.979435688751
2661.9854049479413
2661.9854049479413
2652.262872189911
2650.721916882121
2643.991033647558
2639.972252054468
2639.9249490366424
2638.5555782495376
2636.2155844185527
2636.2155844185527
2634.528448934621
2634.528448934621
2626.7043696424075
2616.025094302508
2615.246280257974
2609.5660894391963
2609.512248213242
2609.512248213242
2603.9279780684433
2602.715584371361
2598.4518373038272
2588.700570683964
2588.6875949229157
2584.3966527422604
2579.200063521328
2576.8799953744046
2576.7662664120585
2574.473642970397
2568.280261849215
2568.280261849215
2568.271767365509
2568.271767365509
2568.271767365509
2566.3091039133496
2566.3091039133496
2562.3998456559084
2558.1958739871243
2556.1521667882985
2556.1521667882985
conv
181.1978735240318
mins
2030.019365712592
maxs
2949.651314551405

qlearning_de
3355.0911324687377
3269.0280909592566
3168.8576409763436
3087.162763854807
2999.658403012476
2930.0479218455184
2848.3795211356023
2763.509631479935
2702.5302986227985
2638.413178838129
2578.898707733962
2518.7970972771677
2453.7206265386676
2386.4322844122917
2338.38197815726
2273.264814631587
2230.8609806683658
2186.638089887981
2157.4359155399998
2117.1889162130387
2069.208973453277
2032.689444816475
2003.563363612277
1981.2300461305492
1957.8182828202293
1941.7825292880234
1917.9813038188627
1899.7023196498058
1881.0316352815487
1858.0143348466506
1841.938271278691
1831.890910746899
1817.2269124792167
1798.185404494145
1781.8754489549192
1769.9579142425732
1763.5715782871632
1757.4144646314694
1746.5628352312824
1743.5308752260694
1740.2627182015297
1734.0374737522977
1727.7188262454074
1721.9599413795615
1720.9175766833757
1719.1679894374993
1716.512474385638
1713.0792771194058
1711.4785251558285
1705.9216179971536
1703.7236840219734
1702.3629824205607
1700.6215932837713
1698.5931291837685
1695.5848715137208
1693.3481151822211
1690.6243605481875
1687.183397290741
1685.5703435713651
1685.2854503194287
1684.1638974266864
1682.1183322928377
1681.2282235108296
1678.512899892123
1676.920959277725
1676.4716668255369
1673.5858513706617
1670.968928963113
1670.6329944756287
1670.002892025614
1669.8528270005322
1667.8144214232825
1666.998146274065
1665.4469008923836
1661.9362105835532
1661.6633367225324
1661.4787680120455
1661.4114674398431
1659.4420257940665
1655.9636574850624
1654.8167346956536
1654.7058657962396
1654.5527576586164
1651.3728106365222
1651.3379735692783
1648.276660988761
1647.821941280715
1647.6088214073648
1644.373379286756
1644.3180356569567
1644.268512715517
1644.238906685353
1644.2081626180723
1644.158128978035
1644.146748908093
1643.6319383560503
1643.6084478075857
1643.58749422038
1642.8787001852875
1642.8670577185007
conv
274.75088762039803
mins
1126.8510257376774
maxs
2358.183577141105

clear_de
3393.29978550171
3305.441961533143
3263.45772228955
3222.5582220844185
3181.9673545611
3160.4210527526775
3133.173381637005
3093.880333878845
3065.246962715337
3043.772281822823
3016.1607238182983
2989.99799124392
2969.931348462522
2967.197842982309
2956.1031537651374
2942.9190911909855
2936.542312413546
2926.859106164982
2917.4450012338043
2914.1625346098963
2902.13435392994
2898.194985550077
2886.5732255267812
2869.1162693771644
2851.926816473191
2847.3692340555626
2841.851778731573
2834.2576171393052
2827.930182280558
2826.3313499066953
2818.441255394091
2815.3658275986277
2815.036174690862
2808.4356617293925
2803.628381928335
2793.9999038712167
2781.3399180138567
2776.743557218695
2771.856742239059
2771.856742239059
2769.5187681485886
2766.258796280045
2756.0354570381814
2749.202882252688
2746.226001643257
2742.3346717033196
2738.917909699413
2738.917909699413
2737.823002259049
2727.326772885312
2723.1108552946043
2718.021845308483
2717.128450298505
2706.7441577309282
2703.580803091216
2703.1772737082188
2699.847929762165
2692.5853019428164
2689.321688943063
2689.321688943063
2682.707375652681
2671.0226785124555
2669.581509843023
2666.432411546437
2663.0477405663587
2655.6397576537406
2649.9578274095925
2645.323906851979
2643.791638342977
2637.151696140031
2637.151696140031
2631.4280624351604
2631.2335237937987
2627.0155137101056
2624.781220253279
2619.5931592918605
2618.482375849051
2618.482375849051
2615.8217816692795
2608.977683530419
2605.957586079008
2603.057284143354
2602.483276634673
2599.8217198475245
2599.443986668661
2594.776858228537
2593.0923990532424
2593.0923990532424
2583.5193239142686
2582.4788941976476
2581.9664849182195
2581.9664849182195
2573.7091160491673
2573.2614059728385
2573.1784138209587
2570.49329841417
2570.460864685389
2570.460864685389
2566.4721397576623
2565.874162533034
conv
199.62860082826984
mins
1869.461795215264
maxs
2985.1597184401876

qlearning_de
3372.2768020848307
3290.1048885524083
3233.7996658489956
3165.0571170456988
3129.5234220156285
3098.5868047277017
3056.210125421369
3026.1497972212687
3005.672668680413
2968.9268991274434
2943.328444621804
2926.4552745526344
2907.7285345978808
2902.3285197198256
2884.810737057835
2857.155776515771
2837.444603377335
2812.9894464870663
2805.6457618808
2799.1744221210893
2786.638302302843
2772.583508995547
2753.61203726262
2735.5849752217187
2728.585844007265
2713.9491177410887
2705.4710744225463
2694.535947695825
2685.1100994332523
2680.5653656900326
2676.0754352961767
2661.950925118397
2656.225565986249
2644.064374001131
2639.796997960215
2628.8935152332256
2628.3762948602275
2618.430764263605
2608.2659771792028
2606.432348545983
2594.731376978324
2594.446968660236
2584.2729132840564
2583.335614562531
2579.278787962843
2577.7337764439785
2569.2047159320227
2561.9806352234045
2554.9166425087055
2548.612885788179
2547.6945031688406
2543.7914675869943
2540.599874317259
2532.1163210496106
2527.9412493691493
2527.0706897344526
2521.9927400122288
2520.2286432699116
2510.792424082589
2501.5496041552133
2494.564471161471
2485.9217660401328
2483.742544013788
2479.4545519268186
2478.1992875442884
2476.613832809916
2474.656848463033
2474.2141653251447
2469.162255741554
2465.14378635621
2460.9695323046167
2457.037102078092
2452.4191336620092
2451.2294205814237
2447.843388844201
2447.005765773331
2446.8275965628227
2438.966407372171
2435.6519177872415
2432.573539634087
2422.5900662857266
2413.780881407845
2413.5443842902705
2411.839947519362
2411.2103309695594
2401.2328841886465
2399.8451316462642
2399.7176665371326
2398.067375170881
2394.2695714678116
2393.7899080469338
2388.896195889622
2385.1326615887865
2385.0256953967364
2382.3852737289985
2381.211460600421
2381.2020851507655
2377.04640090131
2376.4979135353083
2369.3024752558276
conv
418.4619116654911
mins
1122.3290599741413
maxs
2939.1300276333895

clear_de
3373.058095133337
3306.373195257231
3254.411616651832
3213.1043000048217
3167.0635503578087
3133.8770033025853
3111.1375688493636
3081.1052256062485
3063.3011771538495
3047.5742892511503
3023.1743653897884
3008.0682569268997
2997.317578250306
2970.2302338244494
2959.342950888889
2940.4425363311484
2931.4497737286333
2926.949989299933
2912.2082136102667
2883.3583794877572
2872.13605528225
2859.469878590986
2844.032727374362
2839.049367024628
2833.5017759070697
2825.116924980285
2820.9878519762306
2816.6245029759366
2811.803197242106
2803.3195799626246
2788.9891374609456
2782.7885792982684
2781.014782383503
2778.0027190461788
2774.4210105063476
2771.838817704716
2762.7631343870653
2761.420824420883
2756.7079329788326
2749.933708895439
2739.281556560822
2738.3308673330425
2731.8947068032326
2723.0359423862765
2719.0485884956524
2711.3291153830664
2707.950785217848
2704.997960769788
2701.9764509797296
2699.5561700177977
2695.7343221962924
2694.6175465896413
2687.5015476670005
2682.856447532097
2679.1824063532054
2674.4578488620614
2665.976168483434
2664.3316743472055
2659.2584814892457
2652.3643458436213
2645.8474138333368
2643.040160095205
2636.879635443237
2636.1229433486983
2636.1229433486983
2635.4095486224164
2629.291267035224
2629.291267035224
2629.291267035224
2628.7107438860003
2612.5411361259753
2612.2763522548976
2612.2763522548976
2609.362711318214
2609.362711318214
2609.3495884778995
2608.33306308232
2606.5029981721345
2597.1829089839453
2597.1829089839453
2595.726941938258
2590.885546754753
2588.0240762921326
2588.0240762921326
2587.1196064224273
2583.7852869676717
2581.80062689775
2580.5533442296623
2577.4813103144515
2571.806896534642
2566.652636781682
2566.652636781682
2566.0371091098896
2563.1554554087547
2563.1554554087547
2553.710015950381
2553.2871000648306
2552.2934872294513
2552.2934872294513
2551.8134840490397
conv
204.16554166389187
mins
2098.162560800457
maxs
3113.490009722554

qlearning_de
3474.7083327576524
3325.7859071877906
3252.174006436966
3166.679855012801
3117.9003241412424
3057.4947445253742
2992.650271834615
2957.642945773652
2910.289795556208
2878.632397699656
2835.1629492488005
2782.0228027374933
2709.370754751508
2680.739750717045
2647.3467533533344
2600.318762011822
2565.4947018894222
2534.088752210509
2502.7127308066915
2463.0491379243617
2438.0672638615574
2401.775633538123
2370.9709966095197
2339.45927550196
2316.670547555633
2300.194714703337
2277.340833630191
2261.007243824005
2247.8665132024644
2237.4381570087166
2231.2821162156456
2218.5573208448845
2211.015988469333
2202.834228000467
2194.7602398074837
2181.365724856287
2176.6525103048825
2175.2329190019846
2170.627539554489
2167.1902030289375
2166.08725139721
2161.4734881388717
2147.6947923895063
2138.3145475848028
2137.586876669909
2131.8967268289184
2128.0037272451846
2127.4745728121743
2127.3172841938854
2120.9978775170107
2119.7659914422575
2118.543839982247
2108.9899265836048
2107.203617535713
2104.369946558725
2100.388029740559
2099.439321440423
2091.9921649993003
2090.7304892742245
2082.338301915678
2082.323536130271
2082.3148941294207
2076.887645003995
2073.2450391307434
2067.3954894656176
2066.6540592444376
2063.845447950078
2063.830882510949
2060.1296921563394
2060.1233433755447
2048.6186992524367
2045.7537255651318
2045.7488276587894
2039.911263380134
2039.9067887385493
2036.8349030690586
2036.4729526607293
2035.4146269419196
2035.4117207562476
2031.4912875343998
2031.4894743844843
2029.7445939964443
2025.7435183117975
2024.9266800704881
2022.992303495399
2022.375547414503
2021.4437666618908
2016.9194096448973
2016.5481252404861
2016.1239249888279
2016.1231796521658
2013.1217159984035
2004.1493114622572
2003.6432009013097
1999.5277934287706
1996.5370796194475
1996.5362153293327
1994.4385924933981
1994.438398044174
1994.4371850496245
conv
451.46555964414944
mins
1027.274199366665
maxs
2803.352047383616

