clear_de
631.5729322899427
472.27978129961406
414.55934638175256
381.7007866846112
364.1507660359017
347.41946704432615
334.9275159232857
327.2572950621786
323.4766428131631
319.38523335218093
315.3152659484251
312.4953404828236
310.23164645322913
307.5216108559027
307.1089490637306
304.8653322513117
304.1434791326106
303.39111167433714
302.32189208960045
301.82336495638793
301.4736980012947
301.2801628682878
301.0084213809234
300.8797464277748
300.71305587726647
300.55305382352253
300.4730612395042
300.3727886782732
300.2729350560158
300.2368758800918
300.1995427733047
300.1601892880546
300.1317192983178
300.1119870110693
300.083405850523
300.06394141235234
300.0513676667747
300.03832534702707
300.03096256666055
300.02315399346685
conv
0.02867376313706713
mins
300.0000469503603
maxs
300.1422149310847

qlearning_de
470.35444953456636
375.15138251163114
319.75514287432594
309.7986682180195
304.6857972500792
302.4314135793454
301.1489316892275
300.44205652722627
300.2925374188442
300.1191511361154
300.0850106138007
300.06480443134717
300.0527797229061
300.0450719300188
300.0283988197053
300.0061407417598
300.0045453060358
300.003335797695
300.00294162229346
300.00241843342826
300.00235525255744
300.0004982890937
300.000306634162
300.00020810654274
300.0002071354461
300.0000081838783
300.00000609832057
300.0000060081371
300.00000591402625
300.0000058279892
300.0000058222068
300.00000582035756
300.0000058179056
300.00000571811216
300.000000988919
300.00000086419453
300.0000008113427
300.0000002086988
300.0000002086984
300.0000002086984
conv
1.9145406679399714e-06
mins
300.0
maxs
300.0000192193573

clear_de
807.3613912779434
534.7296438968607
454.479692340873
388.5936682288551
370.48233151251
343.99235716513795
331.6097766952643
327.75973893072313
318.647944255362
316.3259010797949
312.2329355635174
310.2374319076465
307.7321316887729
306.7987566405693
304.9779341510825
304.00697906767834
303.072453479818
302.8368493629573
302.45648940447177
301.8757458281072
301.3775411777549
301.0687230192139
300.90375602330175
300.7767751235772
300.6453918535256
300.51548905014675
300.4070107504696
300.3461170532479
300.3000348387136
300.2132880208729
300.16625075637876
300.14977091206384
300.1262837592843
300.1053238180645
300.0834146358653
300.062267703321
300.03963879324726
300.03210451428663
300.027809700451
300.02102284848024
conv
0.03434448096738364
mins
300.00002144915584
maxs
300.2843598618928

qlearning_de
444.1490980220136
336.27809492660606
317.5382692565864
306.99083549712157
304.1778463485843
303.33562470458287
302.4710748617799
301.67980986209784
301.4147762017268
301.19280873243395
300.9807172879477
300.54182386575604
300.48729700429374
300.4136442806588
300.3579491914191
300.1581459045248
300.09053573659645
300.01532783520537
300.01254608842663
300.01111479392154
300.00395597881965
300.00159582957235
300.00020990747004
300.0001574018548
300.000043406135
300.0000100204786
300.0000093533705
300.00000278970094
300.0000006711752
300.00000060721146
300.0000005751961
300.00000016019703
300.0000001488606
300.0000001235321
300.00000005416115
300.00000000371347
300.00000000366896
300.00000000112243
300.0000000000346
300.00000000002814
conv
2.534554402784264e-10
mins
300.0
maxs
300.00000000254727

clear_de
580.6198078079361
457.45078767437974
414.1875524211186
376.28689271420683
356.3242337279758
342.14954891988907
332.51709898163296
325.13045067948264
318.3378931014713
313.4326396621112
312.135217894632
309.9287460251386
307.88136237482286
305.37475929303326
304.6017696767569
304.00724788156583
303.4304747330385
303.0699853963918
302.1456880203814
301.6250544986444
301.3116463333778
301.20520890827584
301.09945131199913
300.89899559758425
300.7527355102391
300.55244870778273
300.4427902565786
300.3563374427387
300.2989645121938
300.26052867641187
300.20903803625544
300.14160750339664
300.1095776346682
300.08871536115237
300.0666497272316
300.0476513170642
300.041441630043
300.03720540442197
300.02936961754426
300.0210177794365
conv
0.025020118358432233
mins
300.000071256383
maxs
300.11632235190046

qlearning_de
450.3356944293729
349.3176540827579
319.5007515271245
307.9102724456309
304.35530694811234
302.20440316511974
301.11687368360055
300.5181386240548
300.2333379405233
300.1993910978336
300.18430462783095
300.1793944435684
300.17669309415805
300.1758741000022
300.1757480296763
300.17566255682704
300.01462688363705
300.00329729174155
300.0003366124802
300.0000242646212
300.0000235637919
300.0000232182014
300.00000329372114
300.00000150062783
300.0000012140834
300.0000011742296
300.000000175752
300.0000000315689
300.00000001353857
300.0000000084229
300.00000000400325
300.00000000011624
300.00000000004064
300.0000000000048
300.0000000000048
300.0000000000005
300.0000000000001
300.0
300.0
300.0
conv
2.842170943040401e-14
mins
300.0
maxs
300.0000000000003

clear_de
710.1501307031
550.0775379893589
474.11911743992556
409.16787853089687
375.77406797201365
357.49482317055913
339.9639867471431
330.5054063391202
322.24401424106907
319.3031878943827
310.8684889718577
308.42852877697135
306.55822486491735
304.7092698296587
304.43020450132053
303.3783353977422
302.9219451612866
302.45329254118855
302.1109779844717
301.7953611741969
301.45446115457406
301.237435500471
301.0022168576449
300.7894873252053
300.6185288657305
300.53445072715397
300.4172900581413
300.33913519480376
300.2567457245325
300.21244125088987
300.17818329513096
300.152232862773
300.11884137739844
300.09938893732067
300.0701358962387
300.0484909881394
300.03813671636095
300.0294826338859
300.0250382336857
300.0220805192693
conv
0.02501737699511705
mins
300.0000138812974
maxs
300.1248892003999

qlearning_de
497.1672550881261
385.66592480060035
330.75380070142097
314.1890403150584
304.74033108054186
302.34278965509054
301.0768835352686
300.5577061868747
300.4190015155868
300.2976783310837
300.1520443450594
300.09358773777217
300.0628280005392
300.0487456176991
300.03074778917727
300.02373053525463
300.01755378072005
300.00720262149486
300.00662619899344
300.0042164994133
300.0033697360901
300.002454259042
300.0021114939672
300.00199631612566
300.00053548663743
300.0001527643842
300.0000488563434
300.0000247050999
300.0000155800267
300.00000376758106
300.0000010619747
300.0000004494126
300.00000004254986
300.00000002502986
300.00000000987626
300.0000000027704
300.00000000189806
300.00000000109884
300.00000000087203
300.00000000023977
conv
1.6043800163488883e-09
mins
300.0
maxs
300.0000000155931

clear_de
803.8057720313212
803.1800202622894
802.793193735317
802.3910349251238
802.1260349400446
801.8866175263325
801.684045591965
801.5148742392313
801.3616167869874
801.2396770761334
801.0832698608885
800.994427487143
800.943130609543
800.8496362931834
800.8120156656893
800.72045666403
800.691162503352
800.660008128492
800.600759779979
800.5194704194832
800.4921189475862
800.4506385282193
800.4175400994859
800.3962858741297
800.3519649235624
800.3293853067624
800.3028957106511
800.2655039578893
800.2438073601769
800.2180379172366
800.1982708400897
800.1785550101813
800.153941376951
800.1379130753223
800.1330267198562
800.1148250296662
800.1070609840743
800.1016842375418
800.0877043463037
800.0820577438191
conv
0.18235368020733805
mins
800.0003621452834
maxs
801.0304641337424

qlearning_de
803.4857526867838
802.1862361971789
801.5732444961071
801.3569174831192
801.0480658828324
800.8874648526081
800.7814138781724
800.6977402591104
800.6619101314925
800.6291775450476
800.5801927650559
800.5535117286457
800.5343644437319
800.5165050216691
800.4990231424224
800.4904747339898
800.4871848058243
800.4851368007107
800.4766487053583
800.4726700947139
800.4706846210039
800.4693540980494
800.4681794150673
800.4621658571882
800.460757705542
800.4593792650921
800.4588960892756
800.4585260468186
800.4585211279376
800.4582416471474
800.4582416263376
800.45801169933
800.4580014952089
800.4580014378423
800.4580014354005
800.457908348448
800.457908324268
800.4577498489433
800.4577498486678
800.4577428141174
conv
0.7500847982634955
mins
800.0
maxs
804.9747902476474

clear_de
804.1821953315671
803.2580458318494
802.69553698965
802.39576529012
802.1672684651386
801.9633108705141
801.7587433841601
801.6039099259203
801.442841012722
801.3371709498897
801.2247798107232
801.1241603467757
801.0394477863716
800.9563298159393
800.8805483219564
800.8188755753306
800.7435984052121
800.6874480352369
800.6199804875706
800.579676980618
800.5040855095888
800.4488666396699
800.4188854258525
800.3853220664536
800.3447621777237
800.3252957606742
800.2984550737733
800.2896868098104
800.2588946406332
800.230430479166
800.1991473492862
800.1752548589313
800.1591798750068
800.1491923496433
800.138229681932
800.1243051916452
800.1150673373903
800.1072428293676
800.0867391435454
800.0741793695528
conv
0.13586485442147828
mins
800.0008485298539
maxs
800.9950334995954

qlearning_de
803.3347766098201
802.3804959569044
801.7101348933816
801.3868946989105
801.1504044438506
800.9529691813286
800.8982524821888
800.866399361411
800.852498632098
800.8174101567962
800.7948986861802
800.7638411481137
800.7396646097078
800.7251116959309
800.7107364273163
800.7054557270791
800.7048002824839
800.7000099293093
800.6986607727954
800.697310005166
800.696912722979
800.6967585044539
800.6967221905006
800.6872940103469
800.6867863081582
800.686703813927
800.6866706447107
800.6866677586808
800.6865360493907
800.6865306049469
800.6865255859688
800.686524664592
800.6865218751394
800.6865217148062
800.6865216919144
800.6865216811082
800.6865216723575
800.6865216507554
800.6865216505524
800.6865216488605
conv
0.8288070633443098
mins
800.0
maxs
803.9798311905541

clear_de
804.2879924452571
803.5118166973236
802.9412299191267
802.6374526285341
802.1092713629452
801.8641298723477
801.6994796588601
801.5626125195147
801.4083610374203
801.2941414230586
801.2015884097195
801.1312570398441
801.06255405422
800.9609808043142
800.9177438362688
800.8383022224727
800.7804380560573
800.7480594968524
800.7017985808843
800.6735846586176
800.6318406479484
800.5749858951517
800.5141264003937
800.4772605802577
800.4192579882997
800.4118544628682
800.3641537779066
800.3155807277584
800.2913280902781
800.2584584097993
800.2309783026798
800.1936719443091
800.1630527605074
800.1494746433059
800.1262457351725
800.113532581881
800.0999478275578
800.084872706397
800.0798941713027
800.0739632551839
conv
0.14310483849811287
mins
800.0002039466332
maxs
801.0070695481502

qlearning_de
803.3014153154203
802.2607456909801
801.7565881172994
801.280557094927
801.0690586245652
800.9289781427123
800.7946308372199
800.720624628695
800.7011859482511
800.6673189355587
800.6622073542109
800.6374299842951
800.626656186918
800.6125468975661
800.6068926749656
800.606150543917
800.6060974291139
800.6060551559196
800.6060255116377
800.60594815433
800.601028737328
800.6010242926466
800.6010242683786
800.5927411575435
800.5927063270443
800.5923875820654
800.5923875357922
800.5923870504095
800.5923502491116
800.5922255814953
800.5922139380647
800.5922092888177
800.5922081694163
800.5921332506173
800.5921331969482
800.592133194773
800.5921331827967
800.5921331827183
800.5921230030845
800.5921183783671
conv
0.7569793772520574
mins
800.0
maxs
804.9747902476474

clear_de
804.4143588550261
803.4462470435352
802.9952120241468
802.4840004202705
802.2008092965074
801.9938783675592
801.7321502005965
801.5631508196717
801.3653824068408
801.3105894208957
801.2169040502063
801.1095776514215
800.9673942439317
800.8602382552833
800.8303587478445
800.7947023389906
800.751125910085
800.7268839014116
800.6429522200477
800.5998231960162
800.5608090218666
800.4991264974612
800.4436408904228
800.4079390370206
800.3864832615122
800.3421912589589
800.2943575063222
800.2485635463089
800.243276895057
800.2286516693256
800.2075118026115
800.1902977127309
800.1684800000986
800.1499805517711
800.1287172601781
800.1128977476541
800.1062161373619
800.0977070788193
800.0884554368567
800.0762434952657
conv
0.13344575188157565
mins
800.0012008446296
maxs
801.0180750814377

qlearning_de
803.6740218780013
802.6480327849018
802.05537288372
801.5730008429578
801.2097772962163
801.0186785352439
800.833524483181
800.6707310251015
800.5649811129776
800.4614967609044
800.4047452217657
800.3329545965457
800.2957573445109
800.2861914678434
800.2767194279337
800.2709556225041
800.2692586697937
800.2689631850715
800.2684629694653
800.2683543263137
800.26775750942
800.2676329211828
800.2676156426056
800.2664652687351
800.264989746919
800.2624998717845
800.2610042085205
800.259357323145
800.259346322094
800.2593318625371
800.2589644896667
800.258873654111
800.2588585512848
800.2588575910153
800.2588575282082
800.2588574862694
800.2587358844918
800.258691234269
800.2586896109456
800.2586894022666
conv
0.479648674284178
mins
800.0
maxs
801.9899181141866

clear_de
503.9434981854283
503.12892958054255
502.5874970362209
502.2991690795419
502.0606945228862
501.8487616099056
501.66698757838685
501.3805773766201
501.1881743195049
501.0220028181391
500.8711268226838
500.690968183058
500.61012876920364
500.5178512775872
500.4648284910481
500.3999105520925
500.3458914101965
500.26835021185286
500.20869717877605
500.1722416661944
500.11814459764156
500.09176343699534
500.0794666534464
500.0690833550525
500.0540638254113
500.0446266503666
500.0350245281739
500.02430310917043
500.0153115330255
500.01179449025295
500.01016035766867
500.00572369477953
500.00409446845487
500.00286775869625
500.0018269720871
500.00131545631285
500.0009361253716
500.0006599712115
500.0004925067817
500.00037883379207
conv
0.0007021900862058667
mins
500.0000001990511
maxs
500.00466705342035

qlearning_de
503.5296542120146
502.3404209861154
501.6810030862432
501.28331533052716
501.0120693064636
500.71038934073556
500.5088064861933
500.3983227200819
500.3042152281824
500.2563126190231
500.2037360138669
500.1666795576318
500.1436950631462
500.120578656736
500.10718905019786
500.1039604368072
500.1006625313565
500.09999866372993
500.0997636569225
500.0995610136539
500.099524507221
500.09949842410265
500.0994968322916
500.09949600883766
500.0994959114267
500.0994959075066
500.0994959063215
500.0994959058356
500.0994959057448
500.09949590571165
500.09949590571
500.0994959057095
500.0994959057093
500.0994959057093
500.0994959057093
500.0994959057093
500.0994959057093
500.0994959057093
500.0994959057093
500.0994959057093
conv
0.2984877171279886
mins
500.0
maxs
500.9949590570933

clear_de
504.11135326621917
503.4141267661523
502.82291711630313
502.3084038146386
501.88579636753246
501.6044539485675
501.41789078611544
501.18117979973954
501.0865231005973
500.98614895203883
500.8275097914539
500.7599873871342
500.6406591123008
500.555722822569
500.4743501925926
500.4130619302747
500.3267967808375
500.2679749282632
500.2091385786343
500.17589274481804
500.14675386116943
500.1138319357661
500.08233272658765
500.065791944337
500.0494206008399
500.0359755237251
500.023230286477
500.0199477606086
500.0141360506633
500.0104622557472
500.0072487199786
500.0055313800759
500.00390467976206
500.0029675794524
500.00228616974886
500.0017576789803
500.00123448158615
500.0008516173863
500.00056420454194
500.0003476070734
conv
0.0005002995491284085
mins
500.00000068700604
maxs
500.00234014664136

qlearning_de
503.36804131245475
502.3885038948346
501.80403607123424
501.33879419358857
501.0496548329855
500.8726203700917
500.75243910154364
500.64869641504976
500.5497683848624
500.46929630788554
500.4512816761692
500.4429167184397
500.43632573388857
500.4154502553029
500.4115452427675
500.40967828127503
500.40879945966293
500.4083104846903
500.4081759535748
500.408013420669
500.4079600088963
500.40793544459535
500.4079332858695
500.40793325021315
500.407933209932
500.4079331469474
500.407933134473
500.4079331266111
500.4079331130447
500.40793311298694
500.40793311282243
500.4079331127483
500.4079331126584
500.4079331126526
500.4079331126522
500.4079331126518
500.4079331126517
500.4079331126517
500.4079331126517
500.4079331126517
conv
0.7048772485762981
mins
500.0
maxs
503.9798311905541

clear_de
504.39183737313533
503.4419151801921
502.846137481649
502.2449501214225
501.95462938779303
501.79434173099855
501.56994648577705
501.3613443988859
501.23050935478705
501.04085548703347
500.8590832561099
500.7215326058584
500.66835614008676
500.6005207956369
500.52670949761426
500.4170283651215
500.3369285989068
500.282051745063
500.1926794639063
500.1638188151635
500.1245546357095
500.094553752836
500.0800859506843
500.06092912437117
500.0410502374309
500.0295438346822
500.02291870045354
500.01770587005433
500.01358970226727
500.0115395130579
500.0075608381991
500.00558115857825
500.0038583985713
500.0029448489754
500.00222127290345
500.0017822451487
500.00115431456254
500.00082803124315
500.00053039006053
500.00034444825354
conv
0.0005940579592389581
mins
500.00000226962163
maxs
500.0036272633409

qlearning_de
503.66947770433706
502.4163182989497
501.7648248142143
501.1565049761476
500.8103797891662
500.6016508143265
500.49493073379267
500.40853327539696
500.37984007293227
500.36125007538243
500.3381674455954
500.33542434209505
500.32239489515524
500.3187629991855
500.31855180254354
500.31844520979325
500.3184165008746
500.3184021816087
500.318401931355
500.3184018202347
500.3184009876527
500.3184002246245
500.31840014684866
500.3184001287548
500.3184001273928
500.31840012722853
500.3184001271498
500.318400126821
500.31840012680914
500.3184001268045
500.3184001268035
500.3184001268035
500.3184001268029
500.3184001268028
500.3184001268028
500.3183995774036
500.3183995774036
500.31838761382465
500.31838761382465
500.31838761382465
conv
0.5607188315339879
mins
500.0
maxs
501.9899181141866

clear_de
504.3817217912521
503.7712585856556
502.86247984429133
502.44190745386436
502.0199575685975
501.7113896979795
501.4896986785178
501.22775926901306
501.05587216393263
500.950040069708
500.8743346725311
500.754283861605
500.69304262341655
500.58956940133595
500.48311728694665
500.3940787359337
500.2968963258642
500.22702968594814
500.1812416982316
500.1452421627944
500.11893043432434
500.08506365065784
500.0674294683386
500.05921050391566
500.04318867503855
500.0371022620698
500.02660516551487
500.0211230853433
500.0161424386658
500.0111875035145
500.0069634804576
500.00522099878333
500.00380118177424
500.0029798732679
500.00255166865895
500.00172987397275
500.0012643783606
500.0007591663788
500.00054526859077
500.00033941387926
conv
0.000627453210743779
mins
500.0000016777812
maxs
500.00414573398035

qlearning_de
503.6364859926188
502.7594086905007
502.1137614919246
501.5559414153379
501.1114974364544
500.8774528617932
500.66809327517893
500.4834149873897
500.3757102027443
500.30477947519705
500.25885455404887
500.2121519970475
500.187576432525
500.16234129898794
500.1487491281303
500.1373470344949
500.13359168704847
500.13295190490317
500.13188731481586
500.1314904895457
500.1312812401858
500.13110285479075
500.1308983163178
500.1307231992947
500.1305702836296
500.13043164677833
500.1303320982681
500.1302385154051
500.1301933429853
500.1301666652406
500.13014206341717
500.1301313552032
500.1301210178876
500.1301164458244
500.1301125646239
500.1301121121626
500.13011174101115
500.1301113830061
500.1301109514765
500.13011067829257
conv
0.334398782018599
mins
500.0
maxs
500.9949590570933

clear_de
2725.381108864275
2705.208251415989
2691.6512355497757
2680.3407914295494
2664.9624555568125
2659.643735580839
2650.767335696232
2639.955657407571
2634.5104554808336
2628.179669793976
2624.6811294170607
2615.9430242496646
2609.857785355972
2604.088373722938
2595.5865844424134
2591.0027802120785
2585.1748475692916
2579.1443270829245
2575.4244477460343
2571.0127401082113
2567.1448551641515
2562.4113072559135
2558.814416815133
2556.1904556480677
2552.945879508389
2550.6511795329347
2546.743703488253
2545.603987390679
2542.664208207044
2539.717567285387
2538.875127676586
2537.2064591168855
2536.2512733650938
2534.393629285978
2533.92106494156
2533.071570255629
2531.3029252757606
2529.998754133135
2529.21577760499
2528.356226853047
conv
39.40266227292022
mins
2500.569216431819
maxs
2610.020971044071

qlearning_de
2704.797578617858
2663.443489793269
2637.2873990713542
2615.063070686497
2596.2598269052996
2583.525345620031
2577.6177479046105
2571.374368349699
2563.8243975425066
2561.517885357767
2559.048542864527
2557.007401758401
2554.5220834129136
2553.7359690728736
2553.4204960598454
2552.8517198201343
2552.696557254705
2552.4767338381953
2552.344531054984
2552.2433921597003
2552.2109811467385
2552.1349599618516
2552.113847168362
2552.0827591686
2552.0523224778467
2552.036239145345
2552.028258002456
2552.0233293570554
2552.011743406648
2552.0091488065095
2552.0083699876254
2552.00756599497
2552.006620767134
2552.005651672346
2552.005244977412
2552.0049781003245
2552.0048104338057
2552.0046482716252
2552.004545868874
2552.0044627126686
conv
53.81844891810766
mins
2500.0000000000023
maxs
2700.000000000434

clear_de
2736.097398826725
2719.926280089718
2707.022926233652
2692.919592003185
2685.9810836882966
2673.733957847582
2661.686577392011
2657.5457982796356
2647.7449841731514
2637.6680367448803
2627.777102186969
2622.5444536271425
2617.619895402866
2611.753152322236
2606.7900913626668
2600.0304703392203
2598.789638988675
2589.571263094391
2584.7714346542807
2580.1545315888256
2573.847053657145
2570.452006118205
2566.5765755297425
2562.764411062304
2558.386575144206
2554.4747505354803
2552.042680778415
2548.2269554917457
2545.098792968598
2542.046624598612
2540.1557658709976
2539.4556660069807
2537.9760073888156
2536.5753884835517
2534.652861658131
2533.9763102561697
2532.8725059665194
2531.53374507913
2530.5108285270558
2529.275298098294
conv
42.42546657406934
mins
2500.4745115864694
maxs
2701.0623770174075

qlearning_de
2715.7076864303895
2646.040859055876
2603.3466268227
2584.3295741040843
2577.1299279325485
2572.483014935527
2570.2055687204734
2567.7267414453977
2566.6851272163835
2566.202620096292
2565.5794106467806
2565.3112543479765
2564.8562997173876
2564.581444872563
2564.3320094608334
2564.2240016034943
2564.205075445269
2564.182319667535
2564.1672840739325
2564.107987868817
2564.069064138973
2564.022303221099
2564.020725318236
2564.0192967692838
2564.018057205275
2564.0137110132546
2564.010370155571
2564.009888481013
2564.007913738872
2564.0070224856954
2564.0066032181353
2564.006145938726
2564.0054936860597
2564.004767066836
2564.0045464123154
2564.004273351921
2564.004132117118
2564.003917057423
2564.003846273914
2564.0037671166056
conv
64.06458671032135
mins
2500.000000000002
maxs
2800.00000000002

clear_de
2728.30423828151
2710.626261484254
2698.683931015461
2686.2937384695383
2672.6360581719614
2662.621447256935
2654.621434801856
2646.4242693575698
2641.6332198210703
2634.8712117355944
2628.650763589629
2625.140885477957
2617.5386279780187
2611.928493238314
2605.5413264995377
2600.3097761893314
2594.6245739509063
2588.3080081372723
2585.036977451952
2582.365530887376
2576.135488258799
2573.0993883922056
2569.301519528513
2565.6341140671766
2562.8448072915735
2559.238726856238
2555.401987346476
2552.186589071993
2549.8239235233696
2546.545905257563
2544.9767991841773
2543.0177364701944
2541.3868772746196
2539.2200228668075
2537.9882532851784
2535.6398903186064
2534.34870589161
2532.5829921927148
2531.063371442101
2530.0957409300336
conv
40.89837819445024
mins
2500.379268871927
maxs
2615.625120735339

qlearning_de
2709.1891044241825
2672.641382962149
2646.738263197919
2627.734757486927
2610.443556815762
2596.7237141684764
2585.1897560386774
2575.6142171416177
2569.772529278462
2566.2291000454193
2564.3126303258305
2561.70759997216
2559.5080141701746
2558.6873878352294
2557.2761452199425
2556.7666046821464
2556.5999458112497
2556.39353874442
2556.3012210635734
2556.235120857408
2556.2083732739543
2556.0825392291254
2556.0301938658413
2556.024924605081
2556.013388959756
2556.0085093160496
2556.006061675627
2556.0054526287267
2556.0050915016986
2556.004352030497
2556.003926739548
2556.003650041544
2556.003445314946
2556.0033341397993
2556.0031966666356
2556.003061474279
2556.0029606341377
2556.0028886227533
2556.0028624817523
2556.0028140561753
conv
68.29529743322952
mins
2500.0000000000296
maxs
2800.0000000820387

clear_de
2738.570899570735
2712.639200823331
2688.496338673344
2672.6511507760906
2657.50126565442
2653.4576295126817
2647.217544082727
2642.5335086018517
2635.383808146154
2628.668920205231
2621.9142836148344
2617.1034202131646
2610.1644011193716
2605.5488112634703
2601.8745958243467
2596.6367009042256
2590.1092627488424
2589.5505522687968
2583.5853215941393
2578.86023481321
2572.0580128137613
2567.682376263892
2563.5004712391287
2559.547981713691
2555.883664980326
2553.782870389192
2549.0907964500607
2546.2100160130253
2543.843756518483
2539.943899491059
2537.681064166704
2535.164651799909
2533.849370137138
2532.4706338013434
2529.9075685499647
2528.3615622221096
2527.523814959576
2526.448647527605
2525.370082880035
2524.0153182337876
conv
35.42397171926329
mins
2500.06703392575
maxs
2617.3516549308424

qlearning_de
2723.918065675977
2695.0150917467313
2663.485735046582
2635.521669270907
2607.6988218691254
2588.705627893386
2578.7257874543466
2569.385113757298
2564.2802653138333
2560.652716358966
2558.7455948531583
2556.735187454838
2555.8293587843227
2555.387467623649
2555.0159682030503
2554.9014148021697
2554.719661491124
2554.490726487847
2554.3789421351134
2554.3041007348074
2554.2388673253877
2554.21425025373
2554.192158441277
2554.1249012919316
2554.068333400456
2554.056746746623
2554.0520702070144
2554.026254953917
2554.0194434333216
2554.0165057696527
2554.012032242993
2554.0099014184552
2554.00826272412
2554.006942787206
2554.006037144156
2554.0057953503183
2554.005403349771
2554.0051400744223
2554.004743197917
2554.004571928269
conv
59.02897262204006
mins
2500.000000000025
maxs
2700.0000001224084

clear_de
1091.384015023438
1077.5742775107276
1070.1966841860458
1061.3109831009613
1053.7196254758594
1050.4340458114018
1045.7516457522222
1041.838210574271
1036.431550467446
1033.706589304284
1029.892904797074
1028.743627450902
1026.7481095226578
1025.5183387312322
1023.8180296692617
1022.6188616655687
1020.2082931964468
1018.1521379750643
1016.3860826989144
1015.6816114307065
1014.6761305007843
1014.2271776689443
1012.8799040424897
1012.323788742087
1011.245392931473
1010.8301719755992
1009.9667170462238
1009.5193199616459
1008.8908641740854
1008.332570586048
1007.7973330847268
1007.5891294826129
1007.199143541437
1006.9240228777277
1006.5944843329376
1005.9969859792442
1005.9158385248069
1005.7269042294845
1005.4970346550099
1005.3818984960417
conv
5.9412588260287444
mins
1000.2756790706136
maxs
1027.9030057457144

qlearning_de
1087.2759469364962
1069.6978185160178
1054.6204003498706
1047.087719742661
1037.9992401622626
1033.4878250634001
1028.7991613978102
1026.1976454777875
1023.4276765866151
1022.1543969491418
1021.7479064943373
1021.0339039077503
1020.7388727994601
1020.4950982827163
1019.8001519123968
1019.2522347979899
1019.1611700475686
1019.1182141518501
1019.1008808508358
1019.0746204982104
1019.07235911551
1019.067837217208
1019.0550588588172
1019.0534006248065
1019.0528544717205
1019.051774736778
1019.0517259256396
1019.0506954429959
1019.0506837589658
1019.050346693395
1019.0503436816256
1019.0503036836635
1019.050303253667
1019.0502077984473
1019.0501637818893
1019.0501616766954
1019.0501615832836
1019.050160995504
1019.0501603763864
1019.0501603643711
conv
29.56037034376591
mins
1000.0000254551323
maxs
1135.1955802537525

clear_de
1100.4572503007685
1081.4108998331058
1073.6628369713808
1062.729706477833
1055.523304122572
1051.2109340124634
1047.8877862978618
1041.8683651628041
1040.0590421320778
1035.670715295727
1032.5022000664655
1029.0498494207204
1026.934256933837
1024.436090090659
1021.8554677091281
1020.225383084559
1019.3940802192934
1017.7715029467607
1016.1719149515225
1015.2783875230426
1014.4376307570122
1014.3381618602272
1012.5940467873318
1012.2619860319993
1011.285794470034
1010.8494046818149
1010.5452676550714
1010.2575077214352
1009.1396923729089
1008.5388277656513
1008.4799409139013
1008.115228180032
1007.9192997780385
1007.5751640410609
1007.3771766753334
1007.2278891969005
1007.0868378536414
1006.8336417451187
1006.5079924238551
1006.1940148934876
conv
6.965984768607349
mins
1000.3975011812008
maxs
1036.599551620458

qlearning_de
1078.3423938139629
1047.751663226047
1037.478806467809
1030.1878670153224
1025.5189600256947
1022.4160708531065
1020.2660142656761
1018.8768543944175
1018.3502270359005
1018.0537122614296
1017.9126062076383
1017.842566950542
1017.7859975057165
1017.7534319330792
1017.7334887964873
1017.7233135483951
1017.7229483195324
1017.7225570907098
1017.7214985419648
1017.7214383076612
1017.7206672940424
1017.7204378827512
1017.7204367904276
1017.7204099182637
1017.7204033776407
1017.7204029901669
1017.7204028588171
1017.7204027893832
1017.7204027442298
1017.7204027265126
1017.7204027209345
1017.7204027204026
1017.7204027199856
1017.7204027198603
1017.7204027198437
1017.72040271984
1017.7204027198396
1017.7204027198391
1017.7204027198386
1017.7204027198385
conv
29.661339138566817
mins
1000.0000254551323
maxs
1178.5797779313828

clear_de
1093.2102808553411
1082.9694652518308
1071.5425489962684
1062.7256762004736
1055.743876336829
1050.9136276009654
1046.8987334356011
1041.3209445645223
1037.8695698507909
1032.9417478657028
1030.9890205688391
1026.8928499927129
1026.1728133371776
1024.6873073431668
1022.2587022471448
1020.8606909557826
1019.8464657761417
1018.8312482647332
1017.7380202059778
1016.362217156255
1015.4633621419106
1014.6877033297794
1013.4948824450163
1012.383600386702
1011.6574582111695
1010.9735348422035
1010.4448557916282
1009.9406617107385
1009.7605815364374
1009.3439125555957
1008.885065524647
1008.3890937390769
1007.9992907456086
1007.6694197074471
1007.358661446786
1007.2665504012219
1006.9988077473519
1006.8067583777951
1006.5405004983248
1006.3755795957086
conv
8.184235205922903
mins
1000.02075342476
maxs
1041.0631539790088

qlearning_de
1086.5259680520246
1064.271813271866
1055.1585231019392
1045.075328884866
1038.9245413464193
1032.3975327113799
1028.901300823775
1025.6089580580194
1023.4436493110318
1021.7874252988187
1020.111227835545
1019.2298286134385
1018.8650668603627
1018.4131565087376
1017.965302375573
1017.7540397910823
1017.4496638792687
1017.2408328288603
1017.1919306993316
1017.0871663198006
1017.0643600399551
1017.0637051232375
1017.0594565588044
1017.0591270870676
1017.0585422576773
1016.9559927500973
1016.9141371253586
1016.9137339059489
1016.913706063086
1016.9086159811657
1016.9008195963851
1016.8341819306754
1016.8315521770733
1016.7577057284799
1016.7423539369274
1016.7066355214674
1016.706551872315
1016.7063910380945
1016.7063860835619
1016.7062869147838
conv
26.479240635673655
mins
1000.0000254551323
maxs
1124.6176418520222

clear_de
1098.7868349615594
1080.391865688716
1065.1939585019636
1056.919753352764
1051.4762108389916
1046.6903183708714
1042.6282807965354
1038.056979763574
1034.861750973292
1029.4613025259862
1027.7749530667568
1026.0286894816772
1024.7054629870731
1024.252556590035
1021.8838251396952
1021.2047957198484
1019.7170991387882
1019.1613037488876
1018.2000224892299
1016.611076766173
1014.9342750482256
1014.425782057797
1013.6257956987706
1012.4181098244111
1012.0743807812963
1011.5988395975317
1011.2399007206966
1010.647455721811
1010.1996152138536
1010.1672531025976
1009.7208055880014
1009.0943283905368
1008.5280236025537
1008.1858747641948
1007.9471699250748
1007.0926688001424
1006.5433257699298
1006.2529254613806
1006.0967381387377
1005.9113486211797
conv
6.634338949584651
mins
1000.2398547855338
maxs
1031.0375746901354

qlearning_de
1085.6528483842867
1067.4981046241778
1054.3039861494738
1045.0741184380258
1036.3342610113716
1030.1840996541778
1025.1030118263873
1023.5011393175863
1022.3641486923478
1021.4427938333637
1021.0270567310642
1020.826262584664
1020.7792981502339
1020.7637827349074
1020.7411460078112
1020.734095929166
1020.7320828537818
1020.7314533937986
1020.7312667595728
1020.7301533426545
1020.7300008809293
1020.7299741192018
1020.7299637037327
1020.7299559483446
1020.7299293255247
1020.7299058031566
1020.7297744992975
1020.7297743093264
1020.7297670610138
1020.729765615772
1020.7297645742938
1020.7297642295641
1020.7297642292374
1020.7297641658364
1020.7297641522943
1020.7297641521247
1020.7297641519108
1020.7297641516864
1020.7297641514795
1020.7297641514014
conv
30.57312444387182
mins
1000.0000254551323
maxs
1137.144630842

